-0.350754558861932
-1.37419311945717
-1.83519511940658
2.76956087966484
-0.534747568457798
-0.486074238074783
-0.156292529883183
0.560435927484703
0.367384444237044
0.645157636453838
-0.888772684696656
-0.793340921496533
1.52027431042647
-0.522802199658825
0.694928316528537
-0.920329660628892
-0.567847932300125
-1.85693706182524
0.711535096713776
0.299071582952175
0.490534430981312
1.44391055331309
-3.34539843754657
0.635753170827145
0.138087942240951
0.131547220918298
2.05751972020340
0.0250972186013892
0.172094595404355
0.812309508407756
0.145712546474964
0.921418435831210
1.05686746473712
-1.41994689637200
0.00981576889862404
0.769775438227428
1.00506404365364
0.606823730667317
-0.376359919269787
-1.92307643977714
-1.08276461228080
0.717396023097193
-0.0652018537291151
-1.85512133884797
1.54962374659990
-0.0636972968282094
0.427242236276929
0.582806092469419
-0.382541232244762
-2.17610348019001
-0.384390792507438
-0.170917896973062
0.0945776394173120
0.260422895285335
-0.473502022130600
-3.71487552798750
0.246924705087577
3.00685651503170
2.48344715141196
0.427245898085630
-0.438286871810047
-0.626289380227607
-0.465856448433911
-0.177622226636947
0.626755803464316
-0.781761016246368
-1.16481003783145
-0.363592746983564
-0.288189678668146
1.56625317277268
-1.42176859117293
0.805435436997651
1.15054368603275
0.449632722235502
-0.449455032876757
0.512209662323049
0.0353463182211784
0.505555989969804
1.31137264441424
0.132586166217945
-0.840931193673862
-0.436902750807567
0.381383242479832
0.572555572798916
0.548066292082331
0.475806961200934
1.59645228210906
-0.221848613830582
-0.252112104504307
-1.42459209567568
-1.72924667638947
-0.615987360534088
1.40491295985728
1.72394711173020
0.0630018835609788
-1.36893653203240
1.41466399990097
-1.00077373293962
0.269170098465404
-2.09973219181065
-1.11324454843787
0.955605050918666
0.261029827292633
-0.360638534919444
0.432510910569411
-0.511741509861861
1.94288077359247
0.622696594284620
0.0815510913429994
-0.625143289913564
0.406751879972947
-0.755967748562309
0.247225373747661
-0.535342697710186
1.22214272314244
-0.0254289193282287
-0.887040641589414
-2.04637107558128
1.16543501223474
-0.981208010036386
0.474694391331763
0.0448003086727517
0.755571620371526
1.12084405030542
0.372410223352139
-1.47827753304870
-0.0588405037679795
-1.05120922569838
-0.476759483603273
3.02241117454272
2.63604242176350
1.73734487440857
-0.565722053184683
0.282158080675546
-2.08542068512810
-1.48193558022278
-0.159165231703973
0.151910940838801
-0.0996788426760731
-0.289133828440044
-1.35278560404715
1.89623213747199
0.675696311712333
-0.0417204122839415
0.503423876979563
1.10072783870549
-0.646213042567108
-1.78759732006619
-0.106198835401525
0.499299417808646
-0.331591168540474
-0.394981010979734
1.06169460957683
-0.382751741945338
-0.701006180003514
0.435505968712735
-0.456407930681491
-1.54984472712809
-0.000385000158611000
-1.34826774882792
0.223310024757490
0.143507721486579
-0.742739153994729
-0.919691075408961
0.767051829901733
1.38761549244339
1.10363634645911
-0.798719156493733
0.976924501365835
-0.209524679775241
0.0822446743830616
-0.269303388051440
-1.12269234757934
0.949935875821957
-0.281573191240913
1.15224539978168
1.52848366097768
0.348125224764905
0.624955354106585
-0.285564243952611
-0.0792753855205756
0.220389916151396
1.16699442467559
-0.641627807646276
0.583406139962567
0.188027232654910
0.318946865083182
0.663616085497733
-1.11367487377839
0.257968699479863
-1.08858042429947
-1.04051556448213
-2.19698887461209
0.693693833376895
1.20012564270328
0.00383974617702175
1.32558930710642
0.575747552129980
-0.212991372308154
-1.55076419837045
1.89522319981752
-0.625236090977024
1.23265825223158
-0.580223796132533
0.00468179529420352
-1.20657976567879
0.337270555941463
0.799454154495069
0.240013993106660
-1.10042876997291
-0.518633184664154
-1.27273228455366
1.37859412314089
-0.451566265806904
-0.274337925093206
-0.0120256151369841
-1.08449848641477
0.0431689602914137
-3.03414988125754
-0.577744847097391
-0.643178635868322
-1.16823216387279
0.329618857267467
0.666640861617859
-1.13320540800728
1.18158063590422
-0.640791064649401
-1.99497376924397
0.947131443840958
-0.834834196412873
-1.15323413094396
-0.421357068838358
-0.619638712101889
-0.0972713874586311
-0.353246041842513
0.0504507382799028
0.362903360344896
-0.166103129168754
-0.732470884585179
0.540249100264994
0.0525757012496661
0.637305437938079
-1.02798801179317
-0.669750511980423
0.952343732190553
0.597655691796913
-0.758562985348943
1.20815662022111
-0.308241564516851
1.69908748440265
0.465150504748878
0.568237504068204
-0.443065675308409
-0.458226864868780
2.37871390227098
-0.0943025322036167
-1.68523667754596
0.880879610427615
1.36017728157143
0.814017327471497
0.0636855347278327
0.575757712279643
-0.609699940380114
-0.393533565193724
-0.489783668110371
0.0286858851422967
-1.03250692006254
0.561901024770971
-0.552055891171669
1.21664970531176
0.502501039516138
0.438197159087190
-0.295969121434519
-0.0359882837748095
-0.543424326013707
-0.466902257625156
-1.01285354696612
0.106983664868628
1.09883038064806
-1.14099806080161
0.455754861266562
0.481108717901160
0.138226290697241
0.0691496135623751
-0.663675197587525
-0.565142573627415
0.0988497979424340
-0.646631443619314
-1.48438876211034
-0.122314505058969
-0.474518702373616
1.84885386275952
0.388775433901938
-0.0959226760043279
1.69217534981429
0.533724046020081
-0.652740346712411
-0.983044830311348
-1.65189385752974
0.831551797656780
0.0562136923398850
0.498275829515548
0.553569628218286
-0.829753321522756
-0.164364635698625
-0.762227492762276
1.00149994609531
0.353139151243004
-1.09453764816800
0.101573157177415
0.00128871526112629
-0.903280329190735
-0.0632053426795859
0.269447597177702
0.443204909341795
-0.308260829576066
1.77152844693598
-1.09603302722296
-1.07220445947368
-0.572651625129448
-0.0139797285007784
0.691181685558690
-1.41712118437921
1.04470123008251
1.02837643330562
0.237108455179017
0.560535316074989
-0.472583497713610
-0.341346466883641
1.64092146693844
0.245390758547013
0.865217051528454
1.68764307518806
-0.540405071033415
-0.174738957287272
-0.0380555431527913
-0.769415702840204
-0.503611860094941
0.257628750647696
-0.401634120620571
-0.142193064878749
1.05288096226912
0.0926592102043634
-1.13626464489293
0.195237527949949
-1.21254728836744
1.25589439329415
-1.85032280719829
0.191181244207194
0.343628492231308
-1.60363117935895
-0.872833820491669
-0.294721145747393
0.869118741153677
-1.64623115712190
-0.967717641661276
0.423140763237069
-0.888952475236029
-0.497366134382637
-0.692413051240571
-0.345664675100337
-0.529827813273660
0.530035257943289
0.890554644035284
0.226894831877150
-0.700528076771817
0.440666278812144
0.599448547087123
-0.294045374180123
1.60190190168889
-0.255981893651771
-1.82986172358545
-0.159279506332817
-0.0165563079395908
-0.998424774636444
0.545055679005357
0.361194524880880
-0.865039454218363
-0.466745847462934
1.48697628251007
-1.44552973926974
-1.25703990944892
-1.37828134930459
-0.224223277094483
-0.544325953225752
-0.505900831507125
0.736563174108510
0.161972092889364
-1.37705728092276
-0.124198864034795
1.33838663705788
0.663241328457718
-1.14958457569970
0.268874689262401
-0.0163607641156878
-1.24146792155050
-1.62708083848455
-0.846460460955101
0.460652030896616
-0.129960797754830
0.259444580636111
0.0302953197612499
0.00577908017627713
0.0666806119315843
0.311667774559270
-0.775896146271649
-0.0559143774121821
0.979133701165495
-0.994110938198458
0.728076934985870
0.303797611455355
0.949913813806119
-0.110877756867128
-1.14056001076313
-0.335046645468015
0.000482948175397451
-0.0756539818370604
-0.624740256262408
0.140226908433605
-0.331899657996026
0.262577680630749
-0.299176910203497
0.670365574051920
1.23200296786346
0.161882094208564
-0.0523355997907185
0.256043576582587
0.595292026681019
0.330594216017500
0.243687916644799
0.00873333411927540
0.459550236933007
0.834633025400123
1.30034266373445
-1.39680531696869
-1.57147852887974
0.387301579286123
-0.0907788697269658
0.709522735135440
2.27627295119065
0.281561567627083
0.736763057691746
2.64716148425916
0.390911567699344
0.245842537710560
0.777744690063051
0.491690201288285
2.03029756955028
-1.87584851310556
-0.853538583766776
-0.880737844922416
-0.0851765893152574
-0.106284970413129
-1.25892965181990
0.277108930223013
0.523974161467499
0.310741328191721
1.67568682636806
-0.0608875353294269
-1.40405532681519
-1.22067229009445
-0.947664579500702
0.951665101469873
-2.15253871635668
-0.562626667261724
-0.298344977390688
-1.61822475041764
-1.01515123639400
-0.302342385668218
-0.423372841902333
-0.232308735889370
2.30598069977588
-1.47039384968435
0.624563393513776
-0.408564712134756
1.50263582268175
-1.40982073233597
-0.447687490364120
1.57178559649053
1.46365834560534
-0.0276444335541865
-1.77668332163008
0.147913882999842
0.540545257591782
0.543062333145501
-1.30253024739608
-0.505060202021962
0.313490771142414
-0.802043827730609
-0.0758679663500511
0.250279708904934
0.615813109393669
0.282145881786847
-0.350679965941467
-0.269601735019664
0.635907551544004
1.81256452342093
-0.978928661936353
-0.448384785253286
0.144904044794887
-0.929997894464471
-0.561261353522493
-1.02971058674921
-0.691801958716342
-0.489914066123049
-0.0919595859828165
-1.40823221059167
0.714966417276357
1.01269249967359
0.356425101910047
0.440757321425702
0.992931734752099
-0.454600807381075
-0.364076529973380
-0.0418414760102094
0.0493896034385037
2.19283989538683
1.46928229712934
0.823609301959817
1.76732256354707
0.0451129650709331
0.443696752165149
0.783272590796831
-0.960122191352069
0.272151719937967
0.422824724321742
1.22300425371757
0.602010761564088
-0.313649771955555
0.717958280528168
0.149119780782488
-0.153006493266634
-1.37786582237661
0.581372397447289
0.293094761283461
-1.30597032631358
0.602609244856392
-1.07156550226879
-0.573549016667966
1.40755198924642
1.25837025252831
1.18537098772811
-1.42744975205128
-0.241741604668510
0.226744649671954
-0.588808721955750
-0.599977324670002
-0.206925980617992
1.07205368754937
-0.608610772490553
-1.33180627459493
-1.64371184408060
-0.324436385902502
-0.114873867582573
1.90834638765026
0.194692249350070
0.0247703791966253
-1.62511548818234
-0.423316682673957
-1.63008497263791
0.566761496643363
-0.549749165012277
-0.883887213115433
-1.08846554573580
0.524840250630201
0.770744682099153
-0.676706245301384
1.26840768896273
0.295165018439131
-0.368451396271325
-0.567092181872838
0.340053524969213
-0.887491954821174
-0.252431305134405
0.225665195451685
2.40696460527034
-1.77117728572112
2.08356728288682
0.00524057217761437
-0.500160253427225
0.340132819732984
1.13249531622518
0.812465780381577
0.822729518625354
0.958377313603828
0.363501382100611
-2.40312571476209
1.31744133201066
0.872368845777535
0.230568223673820
-0.269461226121788
0.0965127599902376
-0.655679667968202
1.48174499609068
1.02634960059881
-0.375577486006629
-0.821104387229710
0.558186778968984
-0.506398878786769
2.30463751456100
0.847664879831488
0.0211762601741274
-0.0928490081507585
0.771570045056010
-0.140787942275825
0.0234299219685424
0.817376700895959
-0.362316293847636
-0.0366953555108105
0.535179431295660
0.283512847119582
-0.980369542116119
1.93596239309543
2.49325072908031
0.877591293869744
1.14127845619356
-0.702689812895489
-0.202664384042680
-0.938797890529600
1.89587373547480
0.385945714953281
0.580690451507445
0.0675416432324948
1.07183472610046
-0.376935208676081
0.156119082078795
-0.165922963081863
-0.499246981302618
0.527190178517873
-0.273056471822375
-0.427220194596357
0.630649897292350
-0.701059893852058
0.207658817817462
-0.970060111015005
-0.472858940596780
-0.129599280961969
-0.281068264379772
-0.880300879554010
-0.850648300771660
-0.486836998049260
-0.399532750388726
-0.645561899886883
-0.726682327222283
2.97920813946385
-0.373325487992366
-1.03315876841504
0.950440584006019
0.192604993162879
-0.362920980565589
0.730246719323261
0.919764230487500
0.645120378425763
0.982861691842362
-0.516564183455647
0.941748705194177
-0.950886695627908
-1.23276107653048
1.88022115589883
0.543614615669479
-0.855735090090115
1.18792258454733
1.09506242227687
0.678326441605823
1.25698359725073
1.43588518474203
1.07473613567902
0.0147507292663200
0.923879841006359
-0.492643966994403
3.49862634334249
1.70350678414619
-0.410515360020441
-0.131832210516000
0.318992790011582
-1.41042320103549
-1.24343005389156
1.60227517995027
1.01558502980805
-0.170490478591109
0.643093114752012
0.173317364507717
-0.925686873755872
-0.130592979102175
0.916023314115718
2.24766502627133
-0.641374140020052
-0.215605831436431
1.59582041322062
-0.165314054737945
-0.264524147139544
0.270662653903521
0.0792467846128734
0.757288279483633
-2.43659114380649
-1.03664306921115
-1.10052668435798
-0.112018912102822
-0.135660612841819
1.47225999642598
-0.712951820937286
0.234136297239648
-1.28490156327522
-0.381701647446248
0.211343542252438
-0.483639101179223
1.08782921097327
-1.20671366209895
-0.401233948586668
2.06915499642639
-1.31479390628385
-1.14542050653472
-0.799882199156303
-0.669234403545445
0.980766575188787
-0.140955156388101
2.64305927165964
-1.43287355185040
-0.303865807316649
-1.39964768405247
0.159917510578425
-1.02521221452306
-0.136332406481515
-0.865760639284352
-0.371328786221679
-1.13906008987141
0.109680788828185
-0.808401249916257
-1.84068357187940
-0.639736948557479
1.72218402065332
-1.12203363501838
0.491375445783571
0.126726280459090
0.962937600162245
-1.56691858375913
0.890366419999493
-0.282205970430346
-0.747817030153839
1.65076980660316
0.692605091513743
2.16123666588653
0.389059194042315
0.551504772108712
-0.977890898198049
0.665390497457227
-0.915013797297872
2.19485077946757
0.897528222583016
-1.31442167893750
1.30022307104803
0.539947420640030
-1.19547634899748
1.73102130371884
-0.160995839907076
-0.637245896662330
1.48272940565805
1.75426622818849
-0.181480855862119
-1.31398465737143
-0.185091476595634
-1.93328063794847
0.0905651406728044
-1.66958325559773
1.52076759699180
0.489350641540730
1.09597549942861
1.54620580665758
-0.599232031228449
-0.439860053252020
-0.0254306299811171
0.0811583178215292
0.852545305819854
0.794843596318158
1.87778969131496
-1.41270477078971
1.02015709498141
-0.497709009963012
-0.887849574936220
1.35075557016610
1.07566114239607
-1.24812480147060
-1.92158345725946
0.608472593745634
-0.0268936691086745
-0.820420000218462
0.268240300750974
0.178396025125087
-0.501084628557920
-0.923412882013654
0.559329530906924
-0.877992315194306
0.102449038116301
-0.502037092301841
-0.528696446967282
0.875618525616258
0.328247149648381
0.894267722517791
-0.106409032433595
0.945028579954787
1.06283078641255
-0.425714950749293
2.88470239396836
-0.343173769034192
-0.813834625694275
-1.85685768419997
0.315280454825531
-0.919462413448411
-0.347070417333555
-0.538979693959107
-0.124188550388321
0.907427827206213
-0.966777586974194
-0.228066678915194
-1.03163062808402
0.388599643769582
0.148572786261169
-0.950402042167406
-1.52124718035530
1.76641999307396
-1.98945666135588
-1.27065941381621
-0.637774756060393
-1.73423004312273
3.14795155984474
0.131340788717694
-0.975443446694177
-1.65808695477214
0.259902159850432
0.0692026454483976
-0.824488462274488
-0.575504341006149
-2.14895781925308
1.73638350552155
0.691640199325760
0.795968799210881
0.991372515345246
-1.37746163955585
0.205415153977670
-0.870391539274979
-1.20748442661531
-0.788374595875168
0.0287783842426729
1.04662407168240
-0.407985494005980
1.52329778245261
-1.10277065482316
1.18187627236728
-0.832932669927479
1.65533588991935
-0.0646436653107671
-1.88950903618237
0.552139341498654
0.663834773607774
-1.09561471870256
0.374397575924483
0.0278408650141512
0.626202883410702
-0.254191181553905
0.358125603739483
0.341204714333359
0.369367798423111
-0.413153853725143
-0.00383813252101988
0.224909065884302
-0.172651377168501
-0.433386724028379
0.148201946331255
0.777591106044355
-0.341539544365722
-2.67237705279491
0.128459602330573
-1.04063580854880
1.68869626154125
1.33027889579126
0.438199053104128
1.88641619251000
-0.257754122815644
0.135713852849318
0.776326966634415
-1.30841316909897
-0.112490234168213
1.03261779606288
0.153934401982877
-2.56617045318065
0.985436814983928
-1.07313770031682
1.05039605719996
-0.679812336249925
0.864602270649740
-0.449316954998173
0.345616082037094
0.635789115201538
1.37051096009121
0.515274133023991
0.0117491522297888
-0.0783822761149203
-0.0867174638485360
0.354143211813566
-0.130311902946072
-0.961788303949563
-1.25860491515905
-0.682428330962774
-0.304106986675073
-0.260993508782133
1.02006774372811
0.750089939148342
-2.28487457545979
2.45001170676133
-0.306762181309653
-0.412293495763830
0.513057939899187
1.95046741652416
-1.04389800687537
2.20556084837120
1.14072155166279
-0.432990638731874
-0.0725766489391288
-0.231211227501146
0.208695780130294
-1.93787292955180
-0.00563411277626035
0.189728119147615
1.55120570776012
0.675234889090520
0.0544047174845603
-0.570570452470631
1.05382515149836
-0.983280984322191
-0.718886130158140
0.891864458028150
0.539135613163030
-0.161283706116541
-0.0544284323538749
0.438693910998754
-0.963767600041858
-0.508688242419612
-1.04200499079337
0.278859511572941
0.533096325983433
0.526684866613776
1.23350083210433
-0.724786618058567
-1.47753653766779
-1.78858956377569
-1.28441688743709
-1.08817591932668
-0.447368914423059
-0.783016893483619
-0.158710482834025
-1.26524653703052
-0.163914326668166
-0.889917915298940
-1.30442344163117
1.12938142746270
-0.507075610808426
0.256081967410088
0.157626671624959
0.374188556231013
0.0383161796073125
1.09397837961934
1.49692983057506
-1.19268881415557
-0.368933327896009
1.17507414822920
0.210915152667656
0.246265997321417
0.169924595380797
-0.894940892790609
1.15790263628279
0.158493769940078
-1.84844985253849
0.0884561374659033
-0.792296906193575
0.642087877892184
1.05649374839647
-0.947696871983240
0.324791582768399
0.819959258860828
0.227417011356033
0.704337942360015
0.287339592558282
0.0898093660454965
-1.99361121691121
0.216552409071325
-1.56585548582387
0.175052241415557
0.323701221836202
-1.36919720755203
0.922204476330415
0.402376337973797
-1.43644847131500
0.268709868530430
0.0884167871226200
-0.0598673212380960
1.80816234370296
-1.94825353282577
-1.38362322417222
-0.998126450797187
0.553434785591322
0.569765268208369
-1.29754676367209
0.758774149956695
0.00692810343862643
-0.199091383293927
-1.81726621547046
0.831500532577007
1.19008144055533
-0.524602033137915
-1.03539844713861
-0.243995855474058
0.670101167929700
2.28035691325113
-0.712821605345724
-0.486273920767444
0.722331631318067
-0.0588824796819006
-1.26063179784169
1.18641086541048
-0.760651553834297
0.0866860527167851
-0.819911183870889
-0.607961503231603
0.0486743966158321
-0.951847518259140
1.10683995444251
0.0920918867823554
0.761791052027928
1.29915256167209
-0.926111473332520
-0.401873954004769
1.59060422800274
-0.391664495871205
-0.344388867876154
0.538599258057801
0.396152501933499
-2.17735654385058
-0.597352032439989
0.560088336040780
-1.06798582558093
-1.59774725992809
1.52610924672041
-0.512019092363219
-0.512035494424183
1.89603797319226
1.32868484690364
0.904477833135667
-0.169722364275158
0.427419390897381
0.308723836693820
0.257710309621502
0.910749469404184
0.154623263009172
-0.937542082253101
1.65990991904700
0.109429663064001
-0.0842208535570902
-0.463853718987464
0.429507551429669
-0.838555357360819
0.904382790085575
-1.27063287865508
1.34302518229604
-0.473522097819369
0.348897698285934
-1.19605940067109
0.136897276862094
-0.287584107955355
-1.14930706761685
1.03106655176402
0.130281289069148
2.99167548357668
0.876696605672093
0.833721735310253
-0.136506921357048
0.988435253044396
0.110760467870325
-0.152614860252294
-0.715722210159105
-1.51046455090009
1.24787745829788
-2.05303911873569
-1.01061599326112
1.35103080608906
-0.842348179060161
-0.373171765871213
0.669222299473464
1.48951905416948
-0.0989120109216725
-1.12948276512635
-0.941445566622489
-1.07894831697439
0.643707791358229
-0.561063796029288
0.856638984140213
0.878867473732233
-0.686053917635919
0.0576079070131191
-0.449963009769813
-0.377143391208267
-0.850504040968784
2.16452418639227
0.531804233063819
-0.605105502609581
-1.17717040575692
0.424320522416850
1.25911201410392
0.0971402829338845
0.383010800804005
1.41738594825492
0.641905429114408
-0.00774179227514407
0.0802294757837092
-0.221047571015437
0.0711675672530405
-1.31770433539400
1.44425942669056
-0.669559207945052
1.07969742946457
-1.14249261990786
-1.20252204897280
1.59031106166815
-0.0598799037761698
0.922182049470445
-0.366663012856148
1.19816217928763
0.205589211167146
-0.486912064778356
-0.748633266164473
-0.0684864598531358
0.000829549904659350
-1.73561840634800
1.02235850773902
1.19312456427525
0.604936847563267
-0.742649886079296
0.611153950269341
-0.0404028484851688
-0.891249303586557
-1.45824797638407
0.250964504472731
3.00787955375569
-0.175501705026872
-1.41308257021647
-2.73565039776620
1.59268929463545
0.258932389884554
-0.448162746187583
0.201715390839583
-0.261503297120837
-2.27892748711239
-2.32674548098921
-0.263877201715718
-1.25986397896034
1.33233072709432
-0.715957674218766
-1.67600813896406
1.19780636116995
0.277968026084616
-1.10626406989142
0.737296381411348
0.818585858580059
0.725546594543008
-0.0237823145636335
0.188728678460320
1.50372032580577
-0.0900657981814174
0.137182671995737
-0.877020900826714
-1.29792361049101
-0.247671901828390
-0.781971880789690
1.27472415753595
-0.457115000347368
1.62664346055297
-0.695289338696637
-0.181843701563115
0.440313572343716
-1.31717745766039
0.478209038645251
-1.58824834772612
-0.342986812426394
0.193677991982314
1.52807828107042
1.88647462637676
-2.04279160108499
-0.907028830516176
-0.887764332118294
1.12582153843590
0.285332298463263
1.17779400665683
1.08077191617718
0.897883489963828
-0.731762096069319
0.759304346612851
-0.404882393693096
1.32821456798375
-0.254132294056336
-0.771842417412464
-0.207056528481741
0.613028219968891
-0.120720024792639
-0.0935688985138210
-0.835202867945446
-0.799883688850260
-1.01447857047756
0.361209018852988
-1.24348579851543
-0.581848900200213
0.0469017298026067
1.29833523678609
-0.0237726329581049
-0.996866521560462
1.84299669517865
0.860026919861192
0.298794271068890
-1.17082288916278
-0.315352001553257
-0.282049054664642
1.17210575987889
-1.55233996574989
1.63014981954750
-0.397784448772369
1.61300116542361
0.312419031809556
1.13583827936053
-0.104735843751081
-0.169883656298851
1.30442798051089
-0.876565698261959
-0.0866523356342722
-0.471785115451713
0.551772034306617
-1.68676815212495
1.49507643124913
0.464879685705797
-0.726617601553345
2.09806640791493
-0.764492239281479
0.606353636569556
-0.722982556025975
-0.692519665754576
-0.997641328412885
-1.62837559008883
-0.196861413150317
0.792017428826575
0.922228820296173
-0.329559268278136
-0.990955834052052
-0.195182534146636
1.18542011619079
-0.782920357882683
0.184185437151290
-0.461362996019740
-0.257870930047901
0.358553262191206
-0.613532483251599
0.583029699857221
-0.0899764080664523
1.46102284884992
1.00536903784868
-0.798174802164835
-2.02093287022944
-3.35936446865870
-0.518114387237517
1.89001759634547
-0.218592186672772
-1.55937472526159
-1.19185038821436
-1.42008148417221
-0.567095591252420
-0.0918007169705475
0.163964017417822
-1.65711373783531
-0.652657682302622
0.236461630960437
-1.25030136725112
-0.333377340636893
-0.271751295618379
-0.0554757761174164
1.14134237530327
0.549402107439435
-0.784018531415219
-0.946555892775228
-0.818343743973519
-0.320066107435430
-1.32338871984924
2.80698713724011
0.870084016499814
-1.63007009607886
1.25076914620019
-0.872947164690140
-1.21365866547903
0.280861310359992
-0.549558274090753
-0.136067870777248
0.230817000689917
-2.58828142246248
1.19836202496232
-1.68383134542765
0.806000597908160
-1.51307071596273
-0.132077519128182
1.01570722490365
-0.859140784188046
0.552729955263494
1.53489611411171
1.03718102022733
1.57168432681759
-2.31975241516623
-0.545472217622492
-0.609383748899209
-0.0230129588488709
0.380166042166501
0.440435969041827
-0.206483079004285
-1.77061819911265
0.224945522337804
0.318017364862479
-0.381718255624026
-0.314541336196141
0.409076175923593
2.11713400997361
-0.897639928791903
-0.302397249079858
0.805501955798582
0.685140312226330
0.500054515746627
0.128636932954800
0.263864896279559
-1.63507262741816
-1.69126791782961
-0.818646088389107
1.47898971588430
-0.754626805772885
-0.798912694508330
-0.702113240604732
-0.956067632728176
1.37023738374531
1.45348877221979
0.416654262030120
-1.05773492173013
0.420485738058510
0.240901315308587
-0.307826186038232
2.38302536510042
-0.460846418378582
-1.44864670975210
0.584223899740955
0.00170532848459012
0.219503535143138
0.805818607717567
1.15306774915493
0.398648590837029
0.965543778893985
-2.00422624037136
0.938017259587188
-0.103127679000719
1.38575774313959
-0.884889447523363
0.0374192780427111
-1.03965103238479
0.558192885879300
-1.73618602181041
-1.61608317029121
0.428258471258691
-0.546951913221857
1.66161567371854
-0.471627306256728
0.104144006471108
1.54507201661598
-0.398291856111713
-2.19160205679705
0.291496302943192
-0.335146598668029
-0.362262361092315
1.11948973854079
-0.753312180716181
-0.745967097998856
-2.62244423900847
0.970128053227992
1.57898420292120
0.988907553335090
-0.608717597977742
-0.0819609574282228
-1.55184663809749
1.01704393054333
-0.111239201268128
-0.562900536796406
-1.92685055453086
1.48077449524547
0.506008478831311
1.56928678588202
0.453227178918369
-0.960251952798994
0.670657714060117
1.16954309576367
-0.634470578386664
1.50269534241243
1.27934095709615
-1.71170778744846
-2.01385240695344
0.686946615415738
-1.71277815279756
-0.115743277642207
-1.68482843299258
-0.712512188584950
-1.49898474763934
-1.69778585421220
1.22636988295501
-2.10033779497256
0.0271611557182677
0.124604546678615
1.15805611857646
-0.716312465810575
-0.783563363753953
0.252491717270668
-1.11839456624633
-0.997212454987507
-0.152291612414327
0.928526691942459
1.18146081951674
-0.769956192151619
1.70522191774060
-0.246663376238112
-0.209022161409557
0.275858670249250
0.135192596820580
0.616184327583682
1.42085950053567
-0.304336282426562
1.28859646492812
0.290530322039234
-0.552960033864407
1.14348791814539
-1.12227208790867
0.00846305054466895
0.743746922384042
-0.747046905316814
-2.15675441207394
-0.385460634411427
1.55655958623869
0.233745080648538
-0.793826172967699
0.346540759691854
0.361196080675426
1.09433041043043
-2.12286796930283
-1.88145694905422
1.94692921084040
-0.335968448629168
0.946064734657044
-1.78827825849182
-0.0578526498030835
-2.13879547694844
1.15278139064550
-1.42226457468512
0.463667220679413
-0.110157809393322
-0.170627924645563
-0.356750143043557
-2.16049744417274
0.341965775756189
-0.403906731386040
0.459237720801726
0.0948477979500693
-0.0765140467100025
0.661131324885074
-1.71961733083358
-0.522241457224232
2.20747134702626
0.860661632985907
0.0897147375571303
1.44540613994934
-0.164391216725279
-1.02734427961330
0.509862910643019
-0.477548246070099
0.00403643054275178
-0.370802043565911
-0.210449637290584
1.30334971989585
0.0268066438254942
-1.06126053882515
-1.30013280456914
-0.265701909873202
0.547551932761542
-1.26783213938062
1.87857729720642
0.157041695753822
0.822039528574646
-0.943444744642743
-1.38822847147507
-0.360324693664006
-1.03937503155219
-1.81739914121263
1.55523980472029
2.09004753290689
1.81194429934505
-1.39165073451060
-2.24443539062132
-1.25583664372213
2.79505826763274
-2.23104083975775
-0.617569415845580
-0.173011719472506
-0.312798349132272
-0.311467513750933
0.0739248399687204
2.77832382958405
-1.16972011825830
0.0221014148047020
0.386945978701710
1.67358181484316
2.71151391491077
0.790656546005772
-1.29729782060330
-0.582598437462620
-0.490973662072295
-0.533862685585144
-0.298258097188446
0.0966499097827541
-0.291720573216322
-0.386458675935539
-0.736933537434308
0.292451652444249
-0.0555843716525282
-0.530260967379879
1.74459342890801
1.45088444786010
-0.167313546406184
1.34851334955863
0.228995810763657
-2.14364256618991
-0.777118127146834
-0.248113937682297
0.568829511288093
0.879381161342139
0.203093275298698
1.93075314780625
-0.0656723915827575
-0.201464950060716
0.470063629411731
-0.418186536755244
-1.47916490996505
0.929023168122335
0.442370624665224
-1.70415294553389
1.65189320977225
-0.499535951770266
-0.872478869250091
-0.670680268847931
-0.593156154658484
2.25788392519260
-0.251347054662322
0.213102147567232
0.750791240632124
0.641545211550627
0.449831409750066
-0.994710303614989
-1.06070924019615
1.23525771481441
0.397121104657471
1.38832747124549
-2.98185320882670
-0.478934412868801
-0.0403570231288178
-0.0341095849562426
1.20558448416103
0.487801495444546
0.496312265292692
0.385564577251117
1.33472484841227
-0.968643274418736
1.04769153571689
-0.726806326523448
-0.805723780997636
-0.832477551574657
0.173620709774183
0.926047749734534
-1.03785237407651
1.48492931135681
0.561488663020689
0.620756704912242
0.203138171433784
0.869472248438510
0.318919577852317
0.499183171682805
-1.89351838011983
1.19898776465268
0.248824639295725
0.997749259247700
-0.260198859357559
0.0935735149877883
0.432180901840806
2.81723999981450
-0.408246193855310
-0.688019732514980
2.16947479230264
-1.02496088305877
-0.939328925844781
-0.459077000963969
-1.63798425022275
-0.938796261525169
-0.764982543732929
0.431202476447064
0.0433804936542321
0.121129338590697
0.430308273663018
0.762380170612611
-0.715812784845967
0.899483828976540
-0.251090892486370
0.184125681100468
-1.18885796818234
-1.65644251246853
-1.16804789680803
-1.07272841385006
0.796950061437115
-2.00314708497213
0.983929773073519
0.534638635419758
-0.0820301481797176
0.963013323498690
-0.296429944984960
1.67174868813426
-0.256486042246256
-0.116486106972300
-0.706765344463630
-0.508758700090670
-1.30608269692446
1.68493814628951
-0.847060630453879
0.561960647030763
-0.544133485357375
0.918606491183499
0.0220200847943313
1.10101958653311
-0.340844283452583
-1.26670299070735
1.36586256283654
0.199842925172860
-2.06339131898184
0.548489402063194
2.88557553802903
2.06686453106717
2.44636754811231
-2.46304765392667
0.296002570291602
-0.00969658741317188
-0.111993041004977
-0.588306721594685
0.374310005420742
0.695696513257842
-0.372627553913399
1.75032839723229
0.318771633446688
-0.967337459814940
2.52502245646902
-0.933311759249966
1.18820493801194
0.987812127482923
0.209899991549527
0.437130507762299
-0.211789070871607
-0.482777306497068
-1.43094287576994
-0.158280950889911
-1.29732864045870
-0.0880503533667969
-1.11447005027043
-1.08979953289053
-0.226692939305512
-0.609134542173706
0.632003062108410
1.43631819172993
0.0516063034522659
-1.24417501456641
1.04594881794544
-0.729760087661488
-0.280359772450189
-0.0641803618975132
0.571492591217218
-0.416892156024116
-1.40808253444425
0.405447520589386
0.443893353285342
-1.01856327576142
0.559527980164535
0.805327665216925
0.470570510474625
-1.15286001528668
1.11767723304748
1.03743321552054
0.322822510123321
0.354895538119168
-1.92478871070967
-0.264921779164340
0.500069198887609
-1.41984927772620
-0.470905396360514
1.23341664403801
0.594386478636063
0.0767304557993255
0.761601531789839
-0.212228901917303
0.188985566325677
-0.933411735822674
0.0695189838350685
-0.357385837434044
-0.331895353842246
0.611652829269538
1.25390755346129
-0.0556240611432950
0.422946625591487
-0.364072414311079
-0.401205016441577
0.118675083821718
-1.12792724007409
-1.02203758454538
0.449410143625543
0.366105711872485
0.918302076529748
-1.18417347961009
-0.767827394835018
-0.684071508587627
-0.668895020767946
-0.401884228776926
1.40848492044687
1.77637590643174
-1.71198736975273
0.0828689156541387
-1.07728899756366
-0.858427615751377
0.383678589890313
0.987964504180005
0.627783943288829
-0.444380295821708
2.04469092711916
-0.354112630547133
-0.966393778222377
0.790203299702580
-0.0533478859813640
-0.355480015361600
0.128885876807062
-1.61636961128584
-0.623587382456465
0.283659726674977
0.0266195694861300
-0.515295830223034
-0.512885139138745
1.40094738713502
0.424118848428464
0.510037945597015
-0.996070800055179
1.01424810132632
0.203693591607512
-1.07337488718812
1.19793191158102
0.229787315181192
0.500227880784286
0.307897190972063
-0.679633031818530
-0.655410417907749
0.562109485977784
-1.78291145891966
-1.70340680459704
0.0165403767871543
-0.194720231334143
1.11091552502464
1.16723023209287
0.917922792101565
0.786200271049727
-0.0148871925115376
0.923042462211946
0.113228238437094
-1.56002611619338
0.615079241694552
0.319498337647696
0.369868105929208
0.518286614703853
0.594942731623041
0.428129458885990
1.13564389611446
0.404620332379559
-1.13448539060715
-0.282866697635304
0.0715435987649503
1.20838720026678
0.418537304338996
1.33548004942271
-0.468413287399207
1.10211104781365
-0.314566627612343
0.850842154898806
0.334637418360902
0.147329019784774
2.46305126435599
-0.0505432297458451
0.952894039898014
-1.26743560809762
0.673498313636635
0.395484153814950
-0.919498149648340
0.439834043158236
0.398127805354062
1.29416348501755
0.622594559618544
-1.18894204902919
0.966803350064864
0.490894050481298
-0.738211888728664
1.47280027117275
-0.573802400841367
-0.668341078283725
0.555056362696757
-1.20526985860214
0.937567020752400
0.319097336917114
1.22179839040693
0.0849142909153404
1.15008844731504
-0.217817645677906
0.411588360983965
-0.572899507111360
-0.209479495613113
-1.52464582089658
0.340326750300495
3.33469575298606
0.0767889276641097
-0.921363913808126
0.255385214521313
-1.17724011246227
-1.92684000832746
-0.592143821484893
-1.70984261847559
0.359306024060415
1.75894596567375
-0.354153035676245
-0.459294045762200
0.227329793511570
-1.68838931880648
0.865453872906579
1.02758153875324
-0.233701509327611
-0.493159739576090
1.99906482689763
-0.220424528109747
0.110846701193139
-0.361861164870011
0.902249644832594
0.212380019499561
0.501604118043753
0.516339504945849
-0.554611990571204
-0.804707093261380
-0.146184684179789
-0.206545950448851
1.35734184149387
2.53315914275011
1.14225113649323
0.853937427656061
-0.850060203616016
-1.25089230332197
3.08480645878939
-1.62186048726849
0.447435010574682
0.876420559981885
-0.436371194413217
0.118853068830609
0.124543746017989
0.518053938098343
-1.99361568179488
0.272443913039028
1.58739264098638
-1.58591888262923
-0.221484956147723
0.368116313919351
-0.617262120957539
-0.990216784581911
-0.182022651449986
0.758415294245878
1.12675568489722
-0.780195218987335
-0.794164003760181
1.64506881678134
-1.42481250770770
-0.403528543310286
-0.926702317140560
0.727617735826489
0.0653790380391462
-0.794688708774242
-0.111619333540786
-0.501229248558681
0.105583651842432
0.879635797966301
0.421146487468535
1.15345439467499
0.585412454236006
0.653071136906449
-1.11890442995877
0.988768232996116
0.243692713903128
0.781407365326621
0.611492788574567
1.01285110205135
0.518702407706788
-1.34975743158727
0.00302304342888306
1.94095914734281
-1.40820684732482
-0.252154530117669
0.487625243132334
0.870150584655391
-0.323859187644138
0.101055601993172
0.124764150568291
0.428079010953031
0.256744581213717
-0.809844143096103
-0.803893241460023
1.93487647046083
-1.38912419932458
0.464028321750344
0.287463707866493
-0.571797282716702
-0.692423989872237
1.18711274673896
1.33655581319101
1.28838650664247
-0.421843049022059
-1.04243382221488
0.432387943738344
-0.233476681275210
0.237890051501930
0.0321429180477119
-0.133097365028896
1.26145970770286
1.03817274564273
0.459800265228968
-0.111960175806939
0.681149631819604
-0.129134007158280
1.93598652379405
0.723550268540203
0.119934045270668
0.900259724989066
-0.449610841260157
-0.00339704588467131
0.944974362180343
-0.402133638445138
0.655653332868952
-0.153439707111733
-1.63093256614084
0.373164836949368
-0.208496195054406
-0.195405327503756
2.26556992988668
0.627857510327361
0.670238166561688
0.129668921199274
-0.0301625858424381
2.30945726811772
-0.678097549662895
-0.299895117182584
1.14321205359715
-0.0716604471628633
-0.365051618668038
-0.754004847943720
0.254202409309939
0.534853936613589
1.06969389596500
-0.708222498023685
-0.632465750552112
-1.40585782595869
1.13777204404626
-0.334020972178384
0.179895301955693
0.689402301874646
-0.0747195347923033
-1.51464602956897
0.401048327309965
-0.837437292450562
-0.0263832743374169
-2.48982505455060
-0.370901709114310
-1.29588235234174
-0.367572789914427
1.85199105822469
0.226363370572605
0.671997916368151
2.44111660288579
-0.383241333584037
-0.0924183627698559
1.37070581979077
-0.713216201537161
-0.147807944540312
0.126091049195687
-1.06898529865617
0.0977370219301621
-0.910279522894731
0.137707246335116
-0.692520491655710
-0.0529517001380391
0.464656254294337
-1.94804990249911
1.14801542266184
-0.181183245695298
0.983106872456850
-0.597102386093217
0.854299202548591
-2.44222041290954
0.0197032943900672
0.0586810873367024
0.628553248290497
0.114311274260025
1.45987773592036
0.131630985997812
0.313755979140707
-0.103602362597119
-0.0156845217345626
-1.36781033895146
1.38398857051165
0.844151971927465
0.0353942003123880
-0.00274236460814206
1.74405172177624
0.0572153016354210
0.310363967164967
-0.928315239161196
-0.0926666219563582
1.25162152578420
-1.21362907743580
0.684384269668810
1.12999498263017
-1.16946374459608
1.48117416813401
-1.72978845585361
0.175740207338799
0.0591165046949203
0.399851747403947
-0.276045166123748
-0.172885514394143
-1.66883608152153
0.764763918524218
0.737934147605496
0.999724745017827
-1.31321879703673
-0.741760114835734
0.127125026732078
0.421082448102661
-0.714135106890829
-0.606037860577224
-1.73709577696655
0.00887864691463890
-0.319608310015888
0.0323187444368406
-0.662975207716261
-2.15691460743335
-0.596694129841493
0.385758047422022
1.03936771558991
-0.273180514160317
-0.807300920101944
0.0952982671095160
-1.89558023354070
2.60184878809922
-0.0833021471800902
0.0899487192703015
-0.492887420370863
-0.710536550561228
-1.15017491204274
-0.172687783392546
1.18682530661729
-1.13838117922447
0.288868131626800
-1.62697128367010
0.752298983061924
0.742483352076827
-0.524676565862637
-0.419256730358464
1.75165632305668
0.591674447285937
-0.916607034726993
2.06506822501972
-0.977670856380700
-0.238791147733695
0.386258142950535
-0.494813823789169
-0.0105988824246845
-0.452623163480346
-0.546337990230591
0.842524463259706
-0.687855929401926
0.447221035228894
-1.28193111919748
-0.378030386864627
0.896177618361351
0.357468808403663
0.334125208748429
-0.371776339754430
-2.29854002603002
2.37232000433711
0.666027280058833
0.630005165757955
0.134263800233129
0.534622110149917
-1.18372312833529
-0.620498378084338
1.57217921441254
-1.09816965276272
0.532916633972362
0.691184248395317
-0.417287497188377
1.16146947326259
0.205723679184094
0.652342348307706
-0.430310198094992
-0.229128017384641
0.637434272533367
-0.659823681794230
1.00674018568871
1.27643629083190
0.0792979952594758
-0.573834997763450
0.111479288520630
-0.456227857145795
0.152667242762265
0.437784605321152
-0.360115445974931
0.624127080996449
-0.720264578123896
-1.21632591919124
-0.662070703024173
-0.466685426597011
0.245919504611447
-1.21358460626721
0.911482161473958
-0.874912762589035
-0.0859567082455993
0.0136027271371604
0.348808957413001
-0.582142949131306
-0.888448751404704
-0.905792166596982
-0.171668323462039
1.16184794439658
-0.974063581313031
1.13345808547136
-1.24287259889341
-1.42075789889259
-1.05017751398229
0.508018113524460
-0.0177192921314391
-1.22614434775599
-0.636083743768307
-2.46788884701322
-0.256035210842021
-1.26516297600382
-0.164070256394233
0.813338957229573
-0.417335103026663
0.731505461057146
0.201365463888640
0.586213045839606
0.887720186778333
0.415851755311967
-1.68789300413796
0.499795112162910
-2.11009443299442
0.324464879486119
-0.606975938346417
-0.205741223701690
1.33230062877174
-0.353673586510796
-0.140465466121511
-0.206166594682382
-1.50105275167930
-0.715032620429327
-1.62670487538110
0.380405475155050
0.260395167813591
1.21438873520599
-0.211807398739131
0.725161189956495
-0.592404450538648
1.31425439715305
-0.475369245470231
-0.0587240064244629
1.49475969492317
0.334787111805432
-0.519584709626968
-0.254594563495114
-0.856624605242565
-1.02249820965694
-1.01737425843250
-0.0643583927531831
0.703079247168667
-0.960687443250798
0.165833564120242
-0.478061477973909
0.625143602075827
0.296119822560772
-0.638680629403069
0.651987756527787
1.38057283838938
0.497811585398406
-0.243674537656393
0.988358237146698
1.44612633631977
0.239483130702395
0.172837337471825
-1.52725841286467
-0.510199469298180
0.0753730851458564
0.992876962681050
-0.0766186848393605
-0.354542840500415
0.823106160543440
-0.557736740842354
-1.21466170414276
1.18943779923316
0.267864771245789
0.662374863680714
0.457297659559879
2.19501187447871
-1.69006579835759
0.860863796262139
1.79961655688594
1.32158126404562
-0.246117181960111
0.452035163731151
0.448441828175000
-0.658289557580966
-2.37029718365098
-0.850564932122087
-0.173685525769991
0.756092150688706
-0.622969980505280
-0.202829919599508
-1.33219175885557
-1.24429503835906
0.0121987888130117
-0.840270192934156
-0.227308840441501
0.766641487843895
-1.08603610582248
-1.36904483750435
-0.545452896468982
-0.214014517390558
0.0459358174862187
-0.215681816750289
0.119178810651740
-0.756771327953837
0.694129238489633
0.0738732103082045
-0.0454570843240928
1.58644038976424
0.641928918144901
0.696126025750199
0.662359936317499
1.37669262895172
1.00072778831604
-2.08821678744816
1.94714577554325
0.782386124828038
0.223952482466090
-0.128511943561065
-1.05873108475440
-2.10530046860888
0.839921907014636
-0.0167851447526177
0.854158642196129
1.09653714883220
-1.00486343062767
0.972539106261483
-1.07338269356990
-0.771146802463336
-1.17730576219217
0.371889299538910
2.44601260338365
-0.0421574828069968
-0.318641660470157
0.468350213045119
-2.11957269758298
-1.48145013224702
-2.28568955678404
1.43855766304584
0.354249749132523
0.195413612689566
-0.0674096424489471
-0.624390112645697
0.742579417669180
0.532593878376648
0.0616830433284138
0.681764506852896
-0.324339514936680
-0.482210371942570
1.08925079354216
0.551512198367846
-1.43929990423361
0.450249081142629
1.14030897516484
-0.404961478560091
-0.265916448378947
0.986716023062935
0.660971246747466
1.86731540852743
0.0501316903588676
0.677470891661184
1.68547960715415
0.654235111126590
-0.373437112992216
2.25421716692378
-0.852810933015389
-0.692962041997898
0.601428940766752
0.863561545390070
0.987660401793240
-0.0584639517603680
-1.33846117263448
0.0717976494144886
-0.384807275875602
1.60274415188285
1.78990784850689
-0.617392986466548
-0.576044586212570
0.530650199213870
-1.15004286736619
0.667747473836197
1.00067101612662
2.25864527272170
0.339209543828123
0.667503037113552
-0.399554646837351
-0.935595377736657
1.22021001170285
-1.85300750886856
0.178053054876488
2.31567217149336
0.923322603472761
-0.641478625988561
-1.57737914319938
-1.17095227012977
0.913706449519951
-1.80731311225431
-0.852093239290532
1.91648075681808
-0.164032734942309
0.358477503252745
1.13981835839534
0.494264485197979
2.51268350437087
1.80585993073291
-0.945699642130436
0.0340534594010925
-0.416204341212199
0.359946957876214
-0.849175292140670
-0.484056768407206
1.65963996422484
-0.0395940877027542
0.777799525542830
-0.453896426241284
0.00976695986064410
2.82746479403722
0.849344787463067
0.763864813510761
-0.107808130898386
0.691082714973457
0.569107119440464
-0.0805255141911650
0.377016781974143
-0.510337194961969
-0.363958409122013
0.0796134682665666
-0.722274064236760
-0.712947069546154
0.104385436625900
1.38206467963191
-0.629124342078529
0.451342277458511
-0.945873921820249
1.15505369662079
-1.31240698085853
-0.258295460464573
1.68656732349383
-0.399781994808777
1.34103957434326
1.43723916553618
1.44436084514496
-1.24555981013563
-0.342920722816999
-0.252556880805113
-1.50650514083543
0.389602764631468
-0.527850955043914
0.867625563844242
0.284949872966264
-0.564902888860693
-0.581066543033418
1.04549460748992
-1.35056029768924
-0.125832745912947
0.262893463452538
0.929385000424705
-0.953015000043175
1.88552915616981
-1.85107087574422
1.53598279733636
0.251010092354319
0.198397330352184
-0.809179908013276
-1.06999044796212
-0.939719075942966
0.0209764107362707
-1.02813730504713
0.608782075708509
1.77945060232151
-0.949919407591467
-0.407135557269486
0.490814897267466
0.430079295331123
-0.518554759987896
-2.81765809283571
0.829541011866549
1.09657494222509
-0.709894655619429
-1.04379433727869
-0.716440050723075
0.944672526587109
0.425024366285523
-0.0287282083656543
0.916638357445291
1.31439705962171
0.511815836908091
-0.588690927844566
0.315822369600378
-0.451933711592197
0.179862406475078
-0.652893660914796
0.0626973803843978
-1.09691221849261
0.724250170390830
-1.36353843313028
1.09946729532574
-0.109041746427610
-0.489321727383349
-0.944821963032739
-1.26069993058485
1.23983039813619
0.122276488258282
-1.58876798935229
-0.283074104349012
-0.695347673894430
0.560492206365213
0.260303992646277
-1.62459976299237
-0.336404928463139
0.819733536863576
0.268515806607038
-0.122806925999249
0.802298454978992
0.224958175033844
-0.636539272220090
-0.971690036381249
0.912193451213690
0.266437497435236
1.05820656254650
-0.371458839708419
-0.951633543050083
0.668599692334622
-0.0940041811825017
0.596144445781368
-1.34404546921717
0.359243894588880
-0.737239179730056
0.268133974104857
-0.918823607347566
-0.747804425438037
0.284494153467527
0.838733218545900
2.12066377710599
0.433752783351439
-0.683589786586067
0.646892881642993
1.39734608652317
1.04810457029481
-1.17584275658483
-0.0996034681135338
-0.362800348935613
-0.593343953144155
1.33634283383456
0.242806289912315
-0.892422242356923
-0.832668896436399
-0.776020240864978
-0.670433592828879
1.64919063574953
1.00296492757829
-0.926862786447583
0.179914075725258
0.867988647757597
0.0188678170721833
-0.353831565842243
-0.639992844675651
-0.166978820497026
-0.585473715754778
-1.32004548111067
-0.871241167749914
0.154763691394050
0.187026386346165
0.604473631099283
-0.946598245573371
0.494064858756962
0.0617692241873788
0.704786977252738
0.500325112282060
-0.373384393671081
-0.0479322303177001
-0.430766294937568
0.405729977618474
0.768205067900752
0.192116670372331
-0.447329747748513
0.254419667756179
-0.904230597951322
-0.644941599190689
0.838603502488403
-0.440756620897376
-0.709247829562790
0.458291779569302
-0.0765732221728732
-0.918506666486603
0.979438980242807
0.181540105597717
0.0681612328065948
-0.447980724459268
-1.38409657105635
-0.794660980723705
1.66806346485324
1.11647599475214
-0.391970076725103
1.45521066640665
1.58173593805246
0.261915359744852
-0.270561549454852
-0.285405489249864
0.587531474274853
0.180199069815181
2.24471405495714
-0.959831621140235
-0.998764648849998
1.27501140077494
-0.145385541001859
1.02828096456211
0.570016172115968
0.697476763313269
1.14782705782492
0.953470906902715
0.315906185895920
0.155526385193643
2.20544026956903
-0.125360520200186
-0.475104675827785
-1.43731944756656
-0.125393992529799
-0.238730609016708
-0.0566809032629777
1.25926488909777
-0.488874652422493
0.145862360082463
0.458254056765986
-1.66620579543517
-2.79934205028860
0.579573385193645
0.875300938857688
0.217860472351507
-1.11444526320797
1.46517712159633
-0.398367273566278
0.605404518615396
0.163187054277842
-0.355838683995819
-0.538789693360380
-1.54094117162100
1.30984550933562
1.22315234370777
0.271742386390259
0.906402083701210
0.840352582272762
0.656028514876799
1.01494889564554
0.211192809758479
0.105589571092724
-2.42245908442181
-0.823335924124530
1.72987512971170
-0.105606579685559
2.17342307354516
1.01777791986921
1.14130108820795
-0.652031588333624
0.601354353274059
0.278308753853371
0.897032927015472
-1.11320761184383
0.983745909475299
-0.608784743807702
0.479477629214825
-0.263607221808887
0.100543417796981
1.43810446934241
-2.07993214910141
-0.0865877267301807
-0.0510229473437445
-0.327935596743716
-0.401294454037020
-1.09420567512518
-0.168303008202133
0.550284721456254
0.576297765036082
0.373591817566243
-0.631192283367422
-1.07570847964933
1.02506428843847
-1.01441124105677
1.89592566050668
0.992251461843247
0.741593482749723
-0.454559970271183
0.0361120367766382
-0.0493569378265414
-0.120765937721319
-0.664591774924714
0.799552212876973
1.25955418961499
-0.230445898187363
0.170420021614668
-1.26707483457893
0.812304439726694
0.521810813341513
0.263682971617853
-0.838961214817165
2.44891757725773
-0.135858172051902
-1.04788700828418
-1.59965367603038
0.334794753338416
0.540191124860448
-1.69402556637607
0.149738068243798
-0.855008089877929
0.110345560956800
-1.81945647890181
-1.09423067159743
-0.738852481790299
0.464833740781259
-0.231849785420570
-0.610253555990456
1.32482849765163
-1.46204339235559
1.17057327465900
-0.831803574494531
-0.292278500299932
-1.76267839259958
0.879206727724733
0.488066278424540
-1.33889757750233
2.74242686775167
0.255195062054980
0.125923545302825
0.411398559461166
1.62690618215109
0.349727767258650
0.732911527433472
-0.209760023616512
-1.59223329608638
0.496466365651309
-1.66442797860743
-1.16128911696138
-2.17939572180732
-0.767259744829967
-0.950501213447178
0.208692112025448
1.13162316148613
-1.12348291995575
-1.33837254862029
0.838485312953219
0.289486499097419
-0.489679190364909
-0.0353176562671845
1.09154766793312
0.255390934910215
0.538333251538645
1.13450415453765
-0.624111173729964
-2.39517577787596
-0.568495951721074
0.313180852031582
1.32047805523109
1.32157825409845
-0.799904220346985
0.112828595214209
-0.265569941840241
0.591091658602246
-0.114494158790681
-0.401662561511007
-1.24377764932653
0.0549142853085805
0.831391806964631
2.00262685763371
-0.908740807570218
0.171962581741936
0.236152252513133
0.248347122506345
0.431097316836398
-0.127899174248330
-1.33990014152047
-0.940247737870597
0.362229841895152
-0.0674088804507270
-0.269011374291528
-0.289293435985434
-1.08543824333575
0.710967441840843
-0.206840280585295
0.160448570009012
-0.388941339462829
1.08437545709806
0.260324967833916
-0.323418962962142
0.575131730433393
-0.987416348805382
-0.345692291199374
-0.649051953417165
-0.484691275841818
0.780101397496449
0.981187502491980
-0.852468495244464
-1.59183418228071
0.561661845518880
-1.75666002058494
0.886330442773251
-0.554932908295446
-0.0537832317473341
0.328970484747428
-0.230240026703865
-0.392159326794106
0.719836419973077
-0.218759897973820
-0.270387364597839
0.980130252492863
0.630317823231345
-0.514505225201581
1.02546551418646
-0.415158243185918
-0.809081113687711
-1.16438909190391
1.39350290101210
-0.151406356829937
-1.07695458987605
-0.295951848078322
-0.352793986543830
0.320306388033065
-2.67735267235577
1.34437249010845
0.119106946845741
0.377289948394545
0.731650939349548
1.23390715443091
-0.102493526680750
1.26578128692459
0.306743578313283
0.312729145288497
0.449266582905203
-0.901945093317391
-0.746310708220543
0.949967818006116
-1.86044591062612
0.259732508718842
1.25110928367289
-2.44805250467641
0.456937762003828
1.53680804850200
0.886707140651555
0.219006287821293
-0.222377585439194
1.20754314023638
0.818388441440276
0.252303609691149
-0.168116104537302
1.00038470325415
0.162110301277243
-0.146522423658456
0.00561454672071666
0.698455581023681
0.675581984029520
-1.06113215685015
0.259271608396217
1.55639860891276
0.574328782510744
1.41495351600030
1.83892444029784
2.09972158982757
-0.493736125026165
-0.299454918110158
0.842295930687415
0.713857554263990
-1.85348865187996
-1.07190285767807
-1.31036697831771
1.11197224716989
-1.91053875456938
0.411771657527709
-2.49858782859875
-1.17354685846197
-1.12787545123869
0.158733141109403
1.37865144089705
1.09599815176308
-1.06038508836027
0.538142032209880
-0.664721083251238
-0.313562871615826
1.20780436577956
-0.212743957782502
2.79585796644025
-1.06519861012556
0.803498862986389
-0.743243665998316
-0.651135701504254
0.0439427182755378
-0.964307405146363
-0.0919735407549224
1.02626191051334
0.384325439762456
0.0288388030455503
0.0543825526389975
0.173081816224862
1.31714049894951
0.843334108607701
0.859452898267416
-0.635602857219457
-0.722340336356014
-0.863915763491530
1.62860294191496
0.286766799839801
-0.144426870873558
-0.346750638641776
-1.20938742481547
-0.542432239674958
-0.0972444058128625
-2.16504660104954
-0.686439728963476
-0.360456548925953
1.12423336914413
-0.418833394003076
-0.500544920527740
0.0829563509455948
0.500947290298938
-0.587487971005530
-1.88758430302622
1.24400442155340
1.56635269683647
-1.99783054805529
-0.0211947090886417
-0.0364510917243205
0.576121694282253
0.221494166072128
-1.04817319045841
2.02172855809797
-0.259789954530050
-1.63386610178589
1.61091166080106
-0.823389915716333
-0.969539317082288
1.29890556400277
0.240616774155649
1.15480309062465
-1.47940734627098
-0.272980391738644
0.116180285385450
0.518339893496028
2.51660047838501
-1.12326746305306
-1.00816960241847
-1.57669040002977
1.47266972158442
0.829790309798816
0.375366105608140
-0.972640247489341
0.766048395717205
-0.499789995147082
-1.10467381972755
1.47042584302496
0.623198062102717
1.76039456929174
0.531226812087491
-1.84890768599572
-0.0250481621775365
0.639056786192686
-1.06796105488387
-0.256479252040599
1.62772849028063
-0.0659216973400500
-0.470756102670039
-0.173787915383284
-0.694787886985361
-0.286112977399649
2.73926250951039
1.39067078815258
1.68053451807567
0.657651673128846
1.28030174355766
3.02406147437418
0.0538465095798437
-0.715262707625911
0.807501547482516
0.187682687597561
0.0384584366018904
-0.855420704714493
-0.958671572328415
0.0916772518754408
0.0922814529652367
-0.956209642210874
0.860814070147780
-0.521166264565319
-1.88551681446930
0.693559450875137
0.129156532339244
0.0293235666393618
0.225056499321591
0.192404064905767
-0.105635619668812
-0.256676121532941
-0.525895098135200
-0.804967847853141
0.0100836972141982
-0.663791218940054
1.19881752311567
0.765009223310680
0.0919432085315176
-0.118419299462599
0.802893293968296
1.47950943538073
0.383054341004039
-0.975265968111551
0.435399569653527
1.11556193894909
2.34226077939894
0.709291607394671
1.54678226655350
-1.87875437285147
-1.33794902608671
0.296609182752526
2.69878601795171
-0.214249808775603
2.04569531525840
0.181303274341171
-0.929011335978967
-0.761313895638311
-0.132438238385543
0.0680168536537984
-0.389102288986778
-1.84306493915964
0.357172269931546
-0.617302071746380
0.0132361701333557
0.280984036950859
0.225419285925723
-0.361936732289091
-0.0233245377887465
-0.00788468970729159
1.89943902139961
1.49987745938582
-0.255418805370778
1.76568915578620
-0.236718812923456
0.341865441422575
0.195259120807294
-0.826397805173852
0.365383896294284
0.939806241086278
0.217933179349627
-0.0245781131741120
0.0265884341755911
-1.05351582989700
1.68046476012816
1.29794864940160
-1.34867175759512
0.348303493104006
-0.791706901616025
-1.04987794721444
-1.73598901135034
0.539772987250167
-1.49007117752014
-1.25930156416723
-1.78078719914905
-1.09852441479471
-1.66673660975376
-0.344706385634715
-0.118579001603291
0.387488222786471
-1.32472938247086
-0.616902872822445
-0.638285243090856
-2.58330564990709
-0.0837289020857189
-0.535108342395699
0.872250246835206
-0.00554553516974348
1.14474451853892
0.472445444101633
0.0389497781101831
-0.154158128856170
-0.974956215040980
2.19241072698118
0.696452738391318
-1.57721061397628
0.172819799406962
2.06551623309788
-0.589773080422309
0.971844787414568
0.444837992419243
-0.617021990446971
-0.160542806296888
-1.75376811300148
1.69304767863508
0.290541278934867
-0.613674007969522
-1.21686455634629
-0.109584880185252
-0.233904858709360
-0.284537508959358
0.149141732127608
-0.755734377653982
-0.291035389814993
-0.293891816800170
0.256731445038311
1.44740504135358
1.43724501886365
-0.380917019901457
1.52776828761949
0.356553227203287
-0.735980325250793
1.60739317381109
-0.220751033943065
0.182671333610492
0.0809068108882214
-0.200697078778959
1.14202828829250
1.10193634021519
-0.114191648469791
1.35566073595282
-0.997129002508714
2.68734720140406
-0.264838807816923
-2.68502354305575
-1.06269499797039
1.61504287883849
-0.544807812460827
0.0492632362998820
-0.775555914300604
-0.125262014662238
1.55863585189876
0.0648219977052858
-1.08603179618399
0.0388674593616705
-0.817833875263356
2.39893138471685
-2.09892126837838
-0.352223144272420
-1.38460389120914
-1.92076903428222
0.222384154695146
0.891850888173466
1.16557411983690
0.870982263735919
2.10423904452232
0.240339406632936
0.0245972124291590
1.32145975806102
0.681130914286801
1.65228570744766
1.47581232956925
-0.224427994432443
1.13105031624568
0.396400567828260
0.478277317985710
3.07357591291611
-0.657812816585770
1.76545730325512
-0.951409900944353
-1.12342084005746
-1.05873326732734
0.269233433257828
-0.451439650054388
-0.253991538426083
0.443703326373441
1.14467709691025
-0.584485620819034
-0.558899854999551
-0.551497024973246
0.281535652305100
-0.342159821499585
-2.26892544194114
4.42558459267724
-2.82583355831954
-0.983280151484171
0.252337115176803
-0.596646116766490
0.319268933614228
-1.21710537763822
0.923689394884471
-1.14691260395841
0.309128696098960
-0.654697135053542
0.931736907161708
-0.475057719764805
-0.0696676263828018
0.741613090484065
-1.18238126121451
0.651154314806672
-0.768717244054884
2.03874248760102
0.309141903406037
1.23745266839142
-0.501778063768505
0.483650208513238
-0.415302903881827
-0.338631651379352
0.588551316579347
-0.662345405422816
0.283139112087299
-0.499939588495061
-0.972735513177494
-0.462550918210361
1.04373304360003
-0.808398008560157
-0.367565516239840
0.686345709463864
0.679153706030731
0.274671383354073
1.60962970075505
1.97422356776445
-1.16580230356447
-0.979351062905369
0.643814364742487
0.329409781037000
0.287657892484470
0.339259638445390
-0.597025065164951
0.336642335566805
-0.710421128178168
-2.35598597939271
-0.231594491042957
-1.65157162738106
2.29037519890938
0.851231426320587
1.14145994944138
-0.720002666646489
-1.55405493671978
1.51848581350075
0.530365968303685
1.22750988494877
0.431851977599531
-0.970024297946787
0.506642371351154
0.0433077761904530
0.737922243912813
-2.25151646371956
0.0592024412155453
-0.714512306774231
0.0754394467628078
-1.07246751414444
0.494674606873526
0.00724411047611048
1.02361163656929
0.741948554219934
-0.246545901068745
0.311033193626980
0.323059802319049
-1.61500863160734
1.82812198333356
0.612422071844878
-1.88226556928604
-0.840726142747118
-0.246436364213716
-1.02277527310572
-0.00396614461789634
-0.499884555318298
-0.542182079917142
2.39569569867007
1.84588355202372
0.218557033525545
0.204361717079318
-1.46877108675090
-0.242952654677991
-0.339773672226486
-0.201767203851209
-0.173135596332249
-1.33224567709465
-0.466754349265725
0.141838950264345
1.29899770312866
1.02551524014941
-0.652274405603191
-1.23082670037414
0.463589039720235
0.248304593891025
-0.482899910268573
0.831854476827787
1.06834911681326
-0.666651554594223
0.377080448051857
0.479523323215519
0.662097934853593
0.292135245060597
1.91205264570000
-0.402703553937347
-0.176473608722154
-0.662988274970137
0.361452274401204
-1.78348780846439
2.13018933887663
-0.171900736343348
-2.01108148864735
-0.157503904687986
-0.462234538486683
0.186008858222220
-0.227438846408345
1.01078099980477
-0.0174959413524208
0.595955069443970
-0.0157793327126752
-0.489521304828758
-1.32840325363680
-2.84347282926326
0.283986792123246
1.01740889392315
-0.894213358373193
0.957649045118194
-0.114274846769047
-0.127195429170560
0.227880430364866
-0.487591053011721
-0.268586115030559
0.133693069633344
1.08107856618579
-2.66525143260251
0.631520093344049
-0.649185392605168
-0.667320487939284
-0.772150536479825
-0.135637770510806
1.09821635547482
0.684778972135002
0.0536749367898645
-1.12263496399523
-1.54973199143372
1.30655500359554
-0.794504224447516
-2.05008979341102
-0.127218913152330
-0.529962775127875
-0.998803502474314
0.0325756353693553
0.778623194961733
-2.13229549625784
0.390119709438945
0.0799194341449209
-1.07644773022234
2.31676348099958
-1.59120452112025
-0.426558265976765
-2.48762788315072
-0.0783455115898328
-0.180302962175967
-1.38027968067816
1.14264914249544
0.885025636264690
-1.16039894410496
-0.510785253893716
-0.421394669955569
0.473024677908486
2.24839974797000
1.55590319342745
0.176660813513462
-1.26143575891504
-0.390124376064986
-0.0477342498544704
0.389844311187885
-1.09044468785358
1.64915486334566
-0.918723489314325
2.10994142634629
0.324513164035507
0.0457769699058261
-0.140357202506644
-1.30186511118163
0.127764987093711
2.85716985030443
-1.24403360993693
-0.160489396141913
1.18322055485030
-0.719846047947063
0.174758085228386
-0.802046847824153
0.982401422055725
0.734645936746298
0.275780885770209
2.42765502626210
0.0944405408211529
0.0728226353355344
-1.41916598405853
-0.702978359489526
1.54460554281322
1.32172550535701
0.519352969933982
-1.28356401901417
1.02821570575623
0.307234335550675
-1.63773994894509
-1.23746964468690
-1.63599819258777
-0.792117146728739
1.01505165853558
-0.496272049159295
0.638085056568211
-1.44201021688762
-0.151879714617633
0.948498600567761
1.68397614993102
-0.893234278323228
1.29422977586889
-0.655132444678950
0.983370446573712
-0.0263030216403774
0.993561520216987
-0.165804012459089
0.524557531693022
-1.35642138357175
0.570512636238622
-1.42450969990496
0.700185704236072
0.583629337643947
0.421262652583534
-0.733804852027782
-1.12195333442577
-0.477638134624132
-0.940967615420376
0.230720694231478
-2.86094642380441
-0.232743843182048
-1.68263630382073
0.817962804120746
-0.221130505403963
-0.214685783550928
-1.03945000860680
0.566907201898123
-1.66656500191627
-0.988256617623508
1.10108228963886
-0.280949738693869
0.119366797575908
0.737942599506174
-0.878868509389590
-0.0434007883433571
0.871519784211764
-0.598714693296542
1.56312710627649
-1.48886372155414
-0.00765649768211186
-1.49410017336594
-0.760291703602705
0.976963858396990
1.13706550064570
1.14028372841510
-1.41769477603972
0.755745523018122
1.12325394988603
0.501532074148200
-0.942334709949303
0.364493604820326
-0.0530188969365371
0.505130639144947
1.63647429583294
-0.456385261430517
0.246988977381689
1.19759208840394
0.321726266461692
-0.760263872471933
-0.968096270053410
0.106866807941394
-1.10333868538116
-0.147001205085011
0.285113502574269
-0.788430822337355
-0.130360072071073
-0.812330548405015
0.283265785265971
0.470243892592802
0.536680943330684
0.336271046368348
-0.0446762121038255
2.62619065469789
-1.51358289356351
-1.03015951474463
-0.383957430653608
0.454868770766962
-1.42978443167905
1.26607508275388
-0.940611520833773
-0.298388809696281
-1.51242784577538
1.25178818178489
2.89598359062140
-0.456629823259806
2.27173333269289
1.54288547896147
0.0959548339495961
-1.25450853829727
-0.247452510803954
1.77698363967951
-0.329442908913454
0.216972536734448
1.18981948795745
-1.30846854556895
0.161501761077214
0.137922788479812
0.635771428588592
1.64704389054392
0.0418486519403069
1.02381022263208
0.279983151173404
0.951659526434290
0.235717243170683
-1.46384161407256
-1.36934221738522
2.03867714316458
-0.955194180450708
0.969468592793643
1.97701979415288
0.775115511114102
0.105219834330765
0.453937573946415
0.879038175476251
0.879676591280318
-1.15838092656451
1.02053992711594
0.762730507651097
5.93567215881027e-05
-1.58881685850071
1.74717747675853
0.630388734108680
-1.10898073670882
0.253419767608994
0.663457904974011
0.636491053961797
1.35092109651180
0.107955724240699
-0.331083309024861
-0.537732938961541
-1.15811494127351
-1.07881371943546
-1.57505300364160
-1.30009996809757
0.692035253873134
0.645602816248557
0.323692495954172
0.694582885232861
1.32835078363676
-1.12742623462063
-0.844308406043411
0.230620412818874
-2.08844450832436
-1.12325780811655
0.103431153847099
1.32549249908391
0.00102549034137838
-1.69434270288260
0.376145114003886
1.59740726743006
2.56471446345400
0.532025642286747
-0.641474957301658
-0.363600948962273
1.41016632041100
0.164208672139695
-2.68735755154659
1.94673695725281
-0.669014247234405
-0.111417473420695
-1.09789056568125
1.19067165985018
-0.280541653815034
0.369603954030460
-1.22954748020790
1.56368486174076
0.804767687587928
-2.21585005010087
0.0771940585766132
-0.864379500508338
1.78373262995394
0.335714514496689
-0.150004005195448
-0.754730111371426
-0.0475609837574195
2.11854410251111
0.296087659430107
0.702952289804110
-0.898314219970503
1.19717112671899
-0.0131102880036397
1.05223472916313
0.890447087916567
0.807298470593915
-0.675843221761254
-1.46361859763764
-1.41374240129243
0.408560892906732
1.76449389817448
-1.43538733584988
-1.30621188569150
0.143200353634661
0.631861756364212
-0.476112710526374
-1.13527554618819
-0.0714236259660719
-1.51508668655979
0.931525994700989
-1.69865518445224
-0.363006977813073
0.705098933243823
0.698105032728409
0.474716995500822
0.373954220250671
0.0946564781971911
2.07200680068709
0.218127706235804
-0.698259257512449
0.883059040782402
0.427344576593392
0.0181684180790158
-0.139463120880177
-1.03260093436209
0.217506369993807
-0.252860896346957
-0.0137687004767460
-0.287949815320103
0.235830607701779
1.00912915126075
-0.858946020130101
0.736278113856563
-1.32029681242193
0.730809680372282
-1.33479502586135
-0.0866020631465893
-0.901801567173707
1.15991376907505
-0.305137013938440
0.614165908571215
-0.888402518828524
-1.35503775305984
-0.0903142790291312
-0.713906068636241
-0.454149923369440
-1.18556477911267
0.382518999379552
-0.0956967403406138
-0.190857985337884
-0.497163904005098
1.47286714158984
0.776117704862317
-1.23873557963446
1.76920445875044
0.314383140603267
-3.11689980900715
-1.35187376330541
1.29116484039034
0.0509784301388493
-0.360191666918102
2.34368873692125
-0.123459565420690
0.397492344494031
0.417775981354289
0.171240832052253
0.381375132696263
-0.501023553113906
-1.82226935049130
0.588914077300332
-1.69267426404144
0.359294212291546
1.42408191093997
-2.54607380801690
0.387023458002498
1.63804112646823
1.54386714390994
1.13875891366404
0.439653393545871
-0.187741319648109
-0.604507833455819
0.384132553447146
-1.33781571331196
0.286949754452639
1.04859224760343
0.439367180810074
-1.64980847867710
-0.982711359739202
-0.118320812006771
-1.14405684974232
0.638036441292696
-0.823855799293781
-0.659709572329406
-0.160503522394560
-0.173910346715181
-1.14577488472087
-0.662722183862122
-0.151931192799785
1.10385825912174
-0.496887789483977
0.658202979390366
1.15554668552932
0.243868742780146
0.941398706225317
1.19466011585976
-1.56262244274056
0.195846365939896
0.480269415389742
-0.246234414510981
-1.06707073610681
-0.468828951187476
0.574460389581005
-0.191082309302812
0.338110421440816
-1.28651670201321
0.670235044986745
-0.330280165624800
-0.220749607605572
-1.03974228769356
0.335548118870296
1.29356370016899
0.876121900556782
0.462356767925103
0.499851344356242
-0.889233110790737
-0.701858115763044
0.770379990747609
-0.598191060532234
-0.540058682739077
-0.258694971952420
-0.455717437526850
-0.605855055110119
1.35097601031646
-0.354425841334717
-1.64971000048322
0.315751389754002
-0.256570547713844
0.252464865194549
0.350865620625949
-0.719698645304975
0.985418709410790
-0.341070867850148
-0.313775753103420
0.498794139707616
-0.0323457106062307
-0.179016876798585
-0.477596916683929
0.819650013697105
-2.19898319909821
-1.38057318907139
-1.40731033812139
-0.659772815836436
1.51569271940190
-1.08697875054478
-1.07571212126461
0.476729062842043
-2.15223361547684
-0.0136713514417529
0.879601657542910
2.00236538258642
1.34929722686501
1.11885017135280
-0.0264776180512851
0.370396919400275
0.205689364730097
1.94561310965801
-2.64667129909349
1.74279830299905
0.182513037510285
0.494767949716166
-0.833455259778144
0.498485293737329
-0.903381219272312
2.23202881874907
-1.69736802832315
-0.287834919230975
-0.0144392276525459
1.52244721149608
-0.159870602242151
-0.386431576100211
-0.524721032385827
0.620567305012466
0.465025517949074
1.50470181440016
1.02100279425672
-0.701537768678756
-0.854600407474127
1.86271542769251
-0.315252398142305
0.755017933298477
1.56061476803800
-0.964352537312758
-0.959869488390973
-1.18777773573928
0.459042102108240
0.609421877444426
-1.52308163661659
-1.52144783375326
1.85530918772326
-0.364182587080544
-1.33952899986449
0.293886503883006
0.804759531269246
-0.324059050141721
-0.859472445008416
-1.28504230373265
-1.21814464520777
1.37513379200709
0.349689262598131
-0.195419661643896
-0.110719064903422
-0.641739376768693
0.729129484235347
-0.341900916736369
0.238933629210682
0.0385677604738044
-0.427133802917763
-1.65933487027401
0.354138042497592
-0.595818769146930
-0.0314681424453036
0.866936891019211
-1.48170057221285
1.18959483986086
0.218283152288200
-0.916513791095882
-0.531945144366892
0.0427894566603837
-0.956687000499083
1.72122990812640
0.0421379919113391
1.10817920954407
-1.77579939473974
0.736337694786183
-0.252606266513768
-1.31791054545167
-1.03780453990872
-0.440563359998709
-0.487048825084022
0.429351722856082
0.555296991545649
-0.428260553167434
-1.11850928219368
0.777429376805858
-0.434803403885087
2.89872834899297
-2.07538845488762
-0.796781597668928
0.669054663210629
0.0695655870701867
0.210730638741472
0.127756369316938
-0.435357255478626
-0.615744702213341
0.785980283181649
-0.624758604069677
-1.15854789863580
-0.410647132607292
0.469821975208105
0.338538208245196
-0.933613764059099
0.604610431077400
0.726796735527735
2.45665845434883
1.34288901134108
-0.531632574384388
-0.566368115979965
0.488718392984719
0.576669465165354
-0.243564034871628
-0.348150828456506
0.761281800835365
1.12991464960743
0.809137492915591
-0.612523121736182
0.596296111609461
-0.275238551635719
0.309105878876536
0.461941416988479
-0.826977117621079
0.747419983827054
-1.72354712786348
0.204770141834584
2.20939631447376
0.679692571990104
1.93941935567290
1.58111079974635
0.405497498331064
0.452751679647349
-1.72749435528229
-0.207802550188558
0.279183205759090
-1.35498995862515
-0.588274863954939
-0.391523864577526
0.381218577210196
-0.514017556510261
-0.182632134637099
-0.665247844285530
-0.173572320836145
1.16183809519775
2.35715312200851
-1.91139823257005
-0.511395668207801
0.556291786824803
0.728748599645548
-0.338343585957872
-0.912032950944086
0.157451971948760
0.810053760671463
0.612270185366719
-0.979328743309108
-0.693903458421961
-1.32116267777526
-0.196798901191740
0.692859824488695
0.902457011497828
-1.24218891539261
-0.544798946098051
-0.683718199359588
0.506089347967556
1.07839191787982
-0.594393086464040
0.0733798926610494
-0.936547367614058
-0.997044771614082
0.655036858513007
0.343753784788747
-0.462373436344891
-0.00195710890027432
0.128697530691245
1.10686089482057
1.21883157584299
1.02807494909993
0.225743007781365
0.913030834771348
0.636813296703791
0.397625458566769
2.08090244975699
0.274065853799863
-0.818432890080488
0.418815549853551
-0.182264577977582
0.418425330077663
-1.06239907480202
0.558447198701652
-0.0657535536203624
1.30150455398728
-1.05695456587799
1.75669003703289
-0.600487172657061
0.980864216157176
-1.89747380194918
-0.859522634320375
-1.96342061137440
1.02423047865721
-0.976817183264249
0.189906065500804
-0.306349026170606
-1.21881272434137
-1.42754708234634
-0.672004346511388
0.0906939503354301
0.593342167114063
-0.0696681660547936
-1.56030589063916
0.954450819219038
-0.141800948546803
-1.13339343253146
0.970795708948396
-0.397028651547480
0.195893507090694
1.27068735312185
-0.624845921804302
0.643553117321192
-0.542146161034905
1.18590553903350
0.226201856175711
-0.415291341936852
0.914485243536579
-1.59594276529638
0.703002489401050
-2.39252346905477
-0.183005595045685
-0.637495065786222
-0.326909524664683
-1.96544538744762
1.72562160651278
-0.269821142272186
-0.164255026224334
0.505164826702559
-0.393461167747259
0.940708891999114
-0.976196285876850
-0.844624630504432
-0.798381514635414
0.0920753199772905
0.711189365987231
0.242039815496041
-1.84434236353406
-0.156482581022131
-0.185615607993491
-0.532416736216228
1.85423459779464
-1.55444977797884
0.645454008812830
1.05020990635379
-0.300334090241689
2.24802049054340
-0.172014770983553
-0.533212366933128
1.20472816996649
0.395460113210290
-0.485024174098339
-0.0983172135015800
0.0647010399941347
0.327504919173004
-0.158803781251651
0.680382849097625
0.0801063583861120
1.47842065854374
1.06431319275923
0.131011200928452
-0.278998938410541
0.0615912509727099
0.217428611414997
1.90061244128710
-0.260972081475482
0.0105404321033100
0.663012614109698
1.22267077305243
-0.292800364517601
0.0750031198944684
-0.437375920167516
-1.13821763280032
-0.658127786766303
-0.797715840340875
0.437173160287323
-0.133561773692409
0.296729982101494
1.08989281128921
0.835584201990472
-0.701815159349662
-1.02818137257265
-0.760457303871992
0.634749286535716
0.144626612287764
-1.18399457745737
1.18211102455436
-1.16082683886985
0.564688203486495
0.655233042132989
-0.414044739481085
-0.341441419713630
0.744496515309417
-1.00721804254539
-1.13852621384866
0.0726991931874968
1.49882305141060
0.428194643749240
-0.101687105269263
-0.587001053147652
0.773213042991824
1.77272233013708
0.275632999143195
-1.96217421341442
0.888698749508937
-0.0327447307638668
-0.931792949217404
1.03831671361435
1.02590625007118
-2.92097833133438
-1.64634320997671
-0.321369928110632
-0.175773237846265
-2.03371714097691
0.279513805664690
-1.44699794376774
-0.726895605997202
0.00616851903321013
1.49956861577387
-1.97666657292275
-0.463672056406008
-0.475015627236959
0.151555282522746
-0.915453310214265
-0.512629440467007
-1.07514197371324
1.08770594140394
0.868630388822945
-0.126322220310624
-0.374883442473525
-0.894585802722839
-1.74661677483321
0.566017006329083
0.517688092215756
0.838325178210165
-0.107311434375002
-1.06240950219933
-0.212548413371827
0.0295443639464325
-1.40871880590392
-1.67864542485366
0.805114179829580
-1.09234592166985
0.363333447889350
1.01493271267182
-0.479368256718013
-0.0120890779049179
-1.23320542472550
-0.166385714136791
-0.147327061109480
0.448235691602980
-1.30391214193317
1.44998122463079
-0.567299077184185
1.09290838958795
1.36599511999661
-0.557672655365962
0.543308181950198
1.43515508694292
-2.04053070994209
0.526443085805537
0.573859514203485
0.317727547913501
-1.06074614695580
-0.0839783927457179
-0.999944995972789
-0.101197328061084
-1.95701162801526
1.06759060102896
-0.311600453594201
0.986734591221599
-0.370541130824718
-0.918616513902837
1.16812728142233
0.0894880417090424
-0.878918754600356
-1.89537987232411
0.209605991408148
0.234976548343509
-0.682034067771160
1.12524796686558
-0.831235339785886
0.920598084468699
0.314572006028207
-1.76253711159338
0.0894807244929016
0.679785228946032
0.182724407845335
-1.19068176474675
-0.341387844093964
1.28415733846454
-0.175715521603880
1.09872282315511
-1.15731535232807
0.745206217653134
1.86328347402657
-1.46834075344880
-0.0835868648557570
1.34267744716692
0.935657275708514
-0.358564395149982
0.225620949215667
-1.33743311938947
0.141732919484932
1.42291649310156
0.270714039707078
-0.102727471176445
2.92146655586844
-1.66540194579067
-0.856184443273971
0.104927248673271
-0.275660413831371