1.02730958489891
-0.036867191339647
-0.0176962860394989
0.00351277241786176
-0.00236170203001555
-0.00306406660276349
0.00684543554146718
0.00739561127549885
0.0154440067016875
0.00908705483601769
-0.021772133741044
0.00342145790369834
-0.0112250699515328
-0.00187752767253919
0.00641526047022108
0.00604558877531336
0.0395297403198864
-0.00249585804475072
-0.00824783802661083
-0.0427915246939084
0.0100888801947426
-0.00262407444173414
-0.00076878391235269
-0.00435619367574267
-0.0376068959861261
0.0148483197451321
0.0193661016461046
-0.049554126956077
-0.00539869872071878
-0.00651783840942114
-0.0139173773941165
0.00165313197210012
0.0200107820778421
-0.0126301298474222
-0.0099092122477203
-0.00435406702859508
0.0040607975845944
0.0474958860464446
0.0275338067889095
0.00480299268866743
0.0019143988808351
-0.0155380917929413
0.0129705169848628
-0.000507394109126646
-0.0202289020009708
-0.0213484584183323
0.00875241137458786
-0.0105216701128876
0.00606085336278729
0.000455314363193004
-0.0317773966660119
0.0112344990194838
-0.00360045725519125
-0.0196371041170024
0.00162219981248236
-0.00274306514208282
0.00730400422396208
-0.0278882980394389
0.00786161452925129
-0.0153709895112674
0.00612905869509087
-0.00511599963139201
-0.0291974814098989
-0.000761671626510327
-0.0198174908816874
0.0225952121517127
0.00326885008892508
0.0148203662550429
0.00591914089186286
0.0266793810826128
-0.00893715172555202
-0.00238304414796166
0.025282062992652
-0.0239806779483655
0.00995304591543791
-0.0246871729940307
-0.0170079280598404
0.0433008307777693
0.00947982456111864
-0.0214068958702377
0.0230686713230953
-0.00646998577262178
-0.022783560011935
0.0223165195962751
-0.000493086501684947
0.00735158190825644
0.0183850144087446
-0.0158718332581367
0.0140887075306812
0.00293353313431405
-0.00464845306084087
-0.00194682340652673
0.00972720116899304
0.0326239102682002
0.0108726106560791
-0.01142110841096
-0.0150416649532147
-0.00823922306769454
-7.32686003507039E-05
0.0116973504669267
-0.0122511894194324
-0.0244850211429394
-0.000619885604243499
0.022513757197951
0.00696870393763542
-0.0323996272757047
0.0055840385337795
0.00516877812222451
0.0319423431028783
0.000499957747484008
-0.0149236525486885
-0.00125502230879948
0.019344543276964
-0.0286628494667201
-0.003127416278516
0.0285313376740497
0.0246248247591583
0.00767522621220513
-0.00814453291656107
-0.00796926620987537
-0.0076361155167611
-0.0378358476243584
-0.00132055556842609
0.0149321729712877
-0.0158033039629163
0.000700695813613372
0.0232469450099139
-0.00883007309007687
-0.00282184191976216
0.0297879916430783
-0.0219343619069279
0.00455728437870574
0.00105954887692074
0.0226514220513473
-0.0427918536288569
-0.0199134374939501
-0.00138152874022363
0.00891939673077636
-0.00754905881256649
0.0275782969259964
-0.0110357566224365
-0.00345683191287678
0.00718993289832632
0.0122757053364013
0.0086853925736954
-0.000544687532682856
0.0348313442033193
-0.0168471199058958
0.0240603987525113
0.00102903198317575
0.00781828193034089
-0.00346429246987447
0.0176947507553045
-0.0126816745326233
0.00191835828621024
-0.00370500120055361
-0.016995510928291
0.0020177685200436
0.00558953514466831
-0.0187330660824588
-0.0202335564862043
0.00907047218105678
-0.0177484709920077
0.0266046024587961
0.0138714228400152
0.00524120138928526
0.0109425437205477
-0.007455130890541
-0.00173162035171745
0.0158928495477282
0.00981278917270114
-0.00856920907948536
0.0147939160252642
0.00563570299010589
-0.00496226742059769
0.00810434236852316
0.0256643521890401
-0.00927367740747776
-0.0131753813076544
-0.0138543693449055
0.00460476905572261
-0.0199092409155397
0.013334664111471
0.00566771476959065
-0.00714604334900285
-0.00306594640945603
0.00037425376822024
-0.000609953754099447
-0.00550266616043184
-0.00895003088697402
-0.00292494048696575
-0.00546743637407702
-0.00676936934173712
0.00734852463631511
-0.0131010094591995
-0.0327556654973501
-0.0119271689819229
-0.000157191656631058
-0.0186321262850692
-0.0123838933178959
0.0143868696273044
-0.0120871829073635
0.0235591666297696
0.0156092373009098
-0.0279256183687275
-0.0142633385557627
-0.0292167593785929
0.00125292157366563
0.0135773268111589
-0.00798527727858323
-0.0019195234825709
0.0117124223371152
-0.0184248221747921
-0.0204253965348323
0.00554013235354449
-0.00780969123759634
-0.00393379834274253
-0.0351820106203293
-0.0180840718424922
0.00424479035631467
0.00336040967635199
-0.00449526688623254
-0.00642563007363083
-0.0116619584914373
0.0130367678669089
0.0106364935994885
-0.00306920249111393
0.00903407572359562
-0.00848355508055682
-0.0125777365989743
-0.00843653920798674
0.0113386772623389
-0.0152816628245942
0.000336517782902238
-0.00656913611661951
0.0138030224167973
5.79153850193054E-05
0.00393414264113587
-0.000861709275776845
0.0139146085181166
0.00458720888428337
-0.00863412570527947
0.00458452071066957
-0.008569407848062
0.00790921115901309
0.00830851783737067
-0.00500751782176628
-0.00632790160291162
-0.00253192282426903
0.0324809727457275
0.00911751519166373
-0.015963840940507
-0.00354088051979927
0.00136079601818757
0.000206921328131421
-0.0038158565897643
0.0266223802150313
0.0133615199240689
0.00417701509173155
0.000885014585900453
0.012858577975537
0.0114221953374644
0.0141209352997828
0.0142853954348026
-0.0274917180332373
0.00599089119471007
-0.00818190986755291
-0.00372481719197178
0.024754114642526
0.00628718252946185
-0.00340525839675805
-0.00637723188323573
-0.00788244824542197
-0.0220357502521096
0.00238341153405219
0.0019420210782973
-0.0158186041909563
-0.00336557162229982
-0.0161138405062456
0.00914795340852487
0.0149361887018648
0.0183948569464205
-0.0410868055851634
0.0355305143948942
-0.00790462134871109
0.00874453338110145
-0.00373739011569464
-0.00430550703485617
0.00509916824668469
-0.00705062421397389
-0.0281381974127819
0.00635490552885112
0.000950483498779948
-0.0224904037911767
-0.0136725387995766
-0.0204769779685254
0.0131515746261019
-0.0135564020740003
0.00181199351167242
-0.000355150831914676
0.0232254143380217
-0.00734537340453385
0.00131084070543447
-0.0202652549949715
-0.00101574115538457
0.0197140221398588
-0.0067263775660116
-0.00945629972326159
-0.01227885376908
-0.000198169067678873
-0.00833916609067773
0.0245480401560675
-0.0258665467245102
0.00680372423381798
-0.0287766076642654
0.0224618967957151
0.0112079228679111
0.01326704360971
0.0170779888628292
0.00960535069048834
-0.0207956625118876
0.00971223610066851
0.0186490526701241
-0.00118584428103452
-0.00685967779923999
-0.00822501593555343
0.0230184975638497
-0.0219073880383575
-0.0106118095867778
0.00670293691167872
0.00181600485841072
-0.0288038772667901
-0.00543603733650066
0.0199615778804729
-0.00848909648105516
-0.00291635818819143
-0.0180211561111369
0.00607246441308528
-0.00640261158036704
0.0156690405213646
0.0114798417751815
0.0240867568103498
-0.00350944407152521
-0.0171684371617924
-0.00456765428093391
-0.00505559110158079
0.0263605135197265
0.0111951871339175
0.0306830737943929
-0.00649232765670595
-0.00945265993724699
-0.0136262214728197
-0.0202765454293296
0.00596355023645812
0.0183702338101196
0.0245800535996185
-0.0101162302476315
0.00783091089856451
0.0104673960222338
-0.0275407135679654
-0.00776773786529798
0.0351920448831808
-0.0261530992199184
-0.00258827468669602
0.0178534587625758
0.011072455988012
-0.00529278772883095
-0.0139483810818623
0.0163168346647469
-0.00502855478061313
-0.00458720185672856
0.0200848471203394
0.00478260636850645
-0.00440482496276607
-0.017642725679864
-0.0085027065402901
-0.00892763256716395
0.00367127639341553
-0.000238043424880729
-0.0164767646758539
0.0107215940525422
0.00266974540147885
-0.023481681559405
-0.0140326007923397
0.000315693551003876
-0.022056463259681
-0.00391872541152099
0.00579017563914701
0.00907623320888271
-0.0185586073024854
0.000153850504689567
-0.00858589959814103
-0.0190150147066549
0.0187156908870862
-0.0165000307462055
0.00363593723435831
0.0116585064756
-0.00679374181437446
-0.0147598652856659
0.00928553896533611
-0.00233301521963575
0.0105471058282427
-0.00652104575259441
0.00743885823912776
0.0117163205478857
-0.0389157087901239
-0.0118789810943475
0.0317358115095282
-0.00162210058525012
0.00419650213919383
-0.00235270348747954
-0.0248026910805692
0.0263037779008437
0.00737112883724311
-0.0019684166225907
0.0180286728839981
0.00961107927669296
0.0115175330188525
0.0065196315808598
0.0131413716604216
-0.011844114704595
0.0201330612277263
0.00374101100753454
-0.0117803919886992
-0.00105693396835861
0.00887309422757651
0.000742292763802861
-0.0182638265691609
-0.0137961220833225
0.011988816653406
-0.0186397864373291
0.0340489240558818
-0.0122906638239718
0.0148069943344993
0.00123931796731242
0.024209308350726
-0.0056136637514824
-0.000652648383787872
-0.00170802763745149
0.017490682308297
-0.0269858530152657
0.0126235203540498
-0.00521526421589873
-0.0273813636098105
0.0201689639541594
-0.0152881661340193
-0.0220402093048514
0.0079506968538228
0.0261788616667565
-0.0035777894670193
-0.0177498261119447
0.0242230576022876
-0.0236653579609286
0.0051065284485381
0.0123140838430026
-0.00598795171829672
-0.00133498964392866
0.0010205558449036
-0.0139337672356048
0.0149376641566611
-0.00244173196434995
-0.00431455834430895
-0.00219428152874381
0.0232197290200752
-0.0230303919797363
0.014753954059792
-0.0372319984002385
0.0154150478326884
0.0258083227809918
-0.00911060981543382
0.0262317753480035
0.0100107743423265
-0.0019123506564513
0.0152014577923754
-0.00817921841344463
-0.0154043185850789
0.0166783017876607
0.0093632464191367
-0.0150554911388548
-0.0131598049220489
0.0209937839361224
-0.00970149077828775
-0.0269020655953633
0.0265121347278374
0.0250976230733515
0.00572626451410528
-0.00270981024231947
-0.00376979503499809
-0.0144487425620184
0.0192079675624482
0.0138404210859143
-0.00571517224222117
0.00872422637539822
0.0033175226351324
0.0252009774929678
-0.0044189406604649
0.00890316543617681
-0.0102693011510962
-0.012197426464236
0.0104334515404598
-0.0240215360167792
0.0130049670926041
-0.00432250922526093
0.0116493087842498
-0.00639990516971
-0.00498471080592985
-0.0127929377822563
-0.00721291896031507
0.0120779700870762
0.00675317342986837
0.00163039677378856
0.00277704410788746
-0.0326933844095733
0.00336912033105336
-0.0189481989459836
-0.0199982827098439
-0.0031577713557491
0.000154990653296246
-0.0270045673027312
0.00822402320944394
0.0116565051847695
0.0116128579353936
0.0162123016897435
-0.00374460103660237
0.00485987090564902
0.0166738591540427
-0.0542550011883972
-0.00145352202925905
0.0303541490166684
-0.0113014704576133
0.00352519174676167
-0.00578989032499648
-0.00481206484767847
0.00640360805967225
-0.0239154264966949
-0.00518253039499497
0.0161033151590182
0.0356044611446915
-0.0265583241743934
-0.000324217212067266
0.00786407640131997
0.0372382090816183
-0.00396710128256661
0.0152983170545799
-0.0285902901660451
-0.00635668824564345
0.00945285191694138
0.00129897540525978
0.0361230236321519
-0.0253423056200035
-0.00879635869441512
-0.00207234397154269
-0.0108075708140006
0.0143852648241389
-0.0295047742181566
-0.00420376480821346
-0.00407408424700094
0.0189940647518143
-0.00786328545518162
0.0157480163121275
-1.42477277991681E-05
0.00126770043947294
-0.00552899734165536
-0.0197007980694614
-0.00155441594123672
-0.00558705713816343
0.0280875126472582
0.0225942639236331
0.00167571761853522
-0.00128137109895814
-0.00273356957728435
0.00565219735902648
-0.0195937963162564
0.0357628720761656
-0.00366141608987802
-0.00667784959545739
-0.0146558320032072
0.00350790545907788
-0.0249364252000317
0.0329971159831456
0.0140395039756582
-0.0160543564759727
0.00831936486588199
0.0144713454337491
0.00914295620660577
0.00914365836043449
-0.0256438939384571
0.0172287802440796
-0.00153809163400208
-0.03020907938247
-0.0119803969050755
0.0361855305063524
0.0254142250337995
-0.0479514917783148
0.0230186578619555
0.00982864022970311
0.0130484417937161
-0.0061723526877782
0.00477611745075822
0.00190085491917538
0.00967738389108857
-0.00652873737704812
0.0461602478710377
-0.0136281763648352
0.00308122195568855
0.00740013925307564
-0.00372444002942211
0.0128407186004644
-0.0262119792747188
0.00489185840734034
-0.0317756370250296
0.00263547637740838
-0.0103610824582683
0.0252676406263326
-0.0231529991847276
0.00206677231104809
-0.00356879788446628
0.0344966622748164
0.000234217753318142
-0.0343607961740212
0.0124300994158529
-0.00664953400181871
0.00362187560827696
-0.00683304195113528
-0.005990733979503
-0.00966948473643599
-0.00119402967829149
-0.0136764785423047
0.0142329916628483
-0.00382944926403134
-0.0485291948065626
-0.00540924316461303
0.0047061929829429
0.00188744924235612
0.0120355748523901
-0.0107338814403543
-0.000867326614570887
-0.0063974325765461
0.00776654055783849
0.00409213881696016
-0.00107035380339959
-0.0111344907180792
-0.0132389135004965
0.0125973256937165
0.0231307756882935
0.00872773568345912
-0.0088791492327483
-0.00448499065794033
-0.0250607179978397
0.00838367603542374
0.00877857399256464
-0.00530124873038831
-0.00396001937631557
-0.010969259073489
0.0134760362815527
-0.00507179499432176
-0.00603151485181242
-0.000985049719836098
0.00640118351718592
-0.00312657218977248
-0.0262640543819268
-0.0156272393380687
-0.0189899004003421
0.00273687145428042
0.0164259248129766
0.01194755674933
-0.00168554331152457
-0.00519459425609634
-0.0013118379457162
-0.0135142311830475
0.0235403158260364
-0.00712219677088471
0.00141132146311578
-0.00871467409164383
0.005758464672875
0.0182384931012907
-0.00741755762190022
-0.00618942230049854
-0.00157786712561898
0.0212645327660564
0.0026424560942895
-0.0003032249173983
0.0136667836348131
0.0275056728981461
-0.014540219804576
0.0128443763176809
0.0069010770803153
-0.0003872597317037
-0.0202521924229519
-0.00741509917127612
-0.0168591696228903
-0.0170673113667189
-0.0209236092169199
0.0068719369595208
-0.0106153003657232
0.0162829070131579
-0.0108280713595319
-0.00967391596148036
-0.00531920417227733
-0.0210124445943518
0.00672304364956826
-0.0298477966047954
-0.0275884618218364
0.00192476782078104
-0.001204081967448
-0.0161350190285163
0.00563526639228484
-0.0049423151210988
-0.0192931917681061
-0.0233408687741618
0.0292125970279685
0.00172381791892391
0.0124115351682293
0.0137416101616217
-0.0287338391251293
0.00126535006404312
0.0043655791554122
-0.00714104649200766
-0.00245359164811028
0.0208631460148754
0.0048366820069345
-0.00897315173642011
-0.000348810987757744
0.0369537460953609
-0.0371770269770198
0.018684551313153
-0.0250028107446385
0.00325031609365054
0.00456594865614073
0.0167715085592438
0.0193123665560103
0.0249640212176413
-0.00373298684219694
0.0371743269354443
-0.018926989740684
0.0327372294090555
-0.0336719503299235
-0.0124169342972102
0.00243006455920156
-0.00404776978875221
-0.00941195929581077
0.0146115433199436
0.00807068438831375
0.00840428066297685
0.0302838086066248
-0.0175040504070256
0.0109174101625532
-0.0176630473446403
0.0267681303440048
-0.0101606826594143
-0.019434578525886
0.00404832335956224
0.0019566946891627
0.000787794433929092
-0.00597115017472374
-0.00547353442675674
0.00320112537172986
0.00885796553290077
0.00127681214469394
0.00766302363178412
-0.0190033171741446
0.00617228355958418
-0.00137593649835205
-0.00804637711842614
-0.01197281124837
-0.0163932184882763
0.0135516117145474
0.0293104724714477
0.00912955792936922
-0.0178284745339905
0.0123208666026347
0.000323597145283146
0.0184677964515804
-0.00269076434746856
0.0102595954794801
-0.0345289644186394
-9.33741029407676E-05
0.0152826186562677
-0.000966460800200227
0.00630377121908567
0.00743064671438061
0.0192102820339911
0.00876369062535865
-0.00707556474921948
0.0121689096468376
0.0174600997131132
-0.0196612360218049
0.00822666151650267
-0.0261448123371953
-0.0106076194131134
0.00277935237089121
-0.0172178736072212
-0.000580760613664012
0.00766480173608013
0.00475120662545194
-0.00442708941573727
-0.000574170036009535
0.0104542727776815
-0.000701234850594849
0.0178986290256689
-0.000316001413669468
-0.0401353490229584
0.00681794589078363
-0.0158763150498781
-0.0274302854142584
0.017581318744563
-0.0203806958872857
-0.0245890154285959
0.00160888595591478
0.0116511816152989
0.0209600058456139
-0.000236358928221659
0.000645594780651179
0.00223119198833719
-0.0169247677846341
0.0224877545932694
0.0229276279471433
-0.0114369263289202
-0.00955482721365253
-0.0228780518974618
0.0133504213786837
0.00177131415801073
0.0193614458104519
-0.0200061540810228
-0.014502948429237
0.00547848001767578
0.00273826105928986
0.0025907093069884
0.0139363107475258
0.018220860547244
-0.0146569570033787
0.0196703953224475
-0.000388986841598923
-0.00609191522564946
-0.00571825792937909
0.0112991662040984
-0.00475642539923007
0.00561079775035775
0.0101908960658999
-0.0309952091658671
-0.00887308383322523
0.0166492460690086
0.0193064847803097
0.00538760680133695
-0.0301188636740052
-0.0358761523262229
0.0170090032906284
0.0236136028022486
0.0291550664787294
-0.0324367924850018
0.00323498978610921
0.0231129831158448
0.0105188825337191
-0.0356471325450387
0.012315848349951
-0.0094156377765454
0.00185776185342437
-0.00825796455608347
0.0192700044690803
-0.0359461653799103
0.00787129020561797
0.0172324476976309
-0.0178377395779821
-0.00643023718381382
-0.018150184578911
0.011641136367921
-0.0184938893773826
-0.0154787401476799
0.00936277701552593
0.00536493656588483
-0.000306439975859155
0.0028352877340537
-0.0343085044151873
-0.0178483698711839
-0.0063337039192124
-0.0104144971764259
-0.01034591231662
0.00771376891699592
-0.00334975318013316
-0.00694368398150692
-0.00486283254759793
-0.00269698021749321
0.0417919095918497
0.014918291980507
-4.78237648777725E-05
-0.0137423818478227
0.0101237005597468
-0.00363327742825724
0.0112476152111529
0.0173218546598555
-0.00144576964583473
-0.0125465640948944
0.00195213247397379
0.00155524629266232
-0.0148832976325202
0.00818617743670091
0.0355955346456359
-0.0192774573029889
0.0201218954163315
-0.0176481931041319
-0.0128687409287654
0.0162072043674365
0.0243476714770357
0.024147027244141
0.000762716308456636
0.0123506094946985
0.0210510289722496
0.0270664788610976
-0.0158018607807163
0.0192388597063967
-0.00121998736777729
-0.00267639285722258
-0.00845439158936799
0.0275177172906681
0.00619032465976486
-0.000128737604630832
0.0111035928917176
-0.0112999818633969
-0.0157814376442088
0.00707378046520758
0.0136773390616567
0.0116163656705301
-0.0186277064647971
0.0155360609448972
0.00224162459249353
0.0129589526739428
-0.0253637671195531
-0.0201144364641325
0.0110069491116635
-0.0167524281069436
-0.0258007794416592
0.0162239315823281
-0.000568761245315474
-0.0280631101588587
0.01144079244291
-0.00221468946108957
-0.0228929712289453
0.0100805063897625
-0.000936441605796757
-0.00638542212980944
0.00856209248490698
-0.00872774800686796
-0.00204940162060573
-0.00699285366684194
0.00293693776414552
0.0138269736537851
-0.0346567557594724
-0.0112256204146228
-0.00778996704120041
0.0169125274214292
0.000724613559366522
-0.0255196323594756
-0.0281848440416946
0.00386798541327395
0.0351757419176591
0.012269596679653
-0.0103544059460478
-0.00421125022030816
-0.0131780510522768
0.0226464620750404
-0.00845743284601247
-0.0175293077696091
-0.0047557774345058
-0.00501157419594548
-0.00890636975029587
-0.0265906859518627
-0.00797867370214555
-0.0224195726202549
0.0102565896616745
0.0158830421375433
-0.0280920176541468
-0.00967791202203843
0.0113083804958694
-0.00348356390849327
0.02679536581199
-0.0215982016823586
0.000448277580596279
0.000671947074978148
-0.0198451000176631
0.0102749768637981
0.0100874635747937
0.0472666573047423
-0.0116115686923458
-0.00842772730463083
0.0179962488082122
-0.000970766982645415
-0.00226656969803295
0.0172415242595916
0.0111198858366152
-0.0141700924522191
0.0252344162814259
-0.00432960092023088
0.000361869933920785
-0.0149390792564331
0.00988038611916344
0.014268437052607
-0.00634666531760537
0.0183773154312656
0.0065303336029684
0.000621908099120572
0.0178342100730901
0.00657634452733226
-0.0111275006586637
-0.0279914857793077
0.0121255549817337
-0.00880462755593943
-0.0129906277285201
-0.0110201923809113
-0.0109909015443601
-0.00754499971717851
-0.0097523870673671
-0.00545409051513131
0.0070513333382913
0.0109920423762658
0.0109062080204515
0.0186834328884175
0.00244182527240081
-0.0028171519999601
0.0068856055681961
-0.00904893809908974
-0.00456392344444657
-0.0148125220311381
-0.0016063856841317
0.00357659406365835
0.00878227981203462
-0.0154716384408121
-0.0122358175516956
-0.00722677691616842
-0.0190700899250639
0.0238878512859471
0.0190195495777947
0.0129721046607018
0.00535773441164524
-0.0129206509779062
-0.0041908424940769
-0.00108940753500602
0.0218185146921273
-0.0263769830374224
0.0196378509003403
-0.00254716783541599
0.00905759870522465
0.00829687419392328
-0.00638181340247616
-0.00539622928719344
0.00378961440975304
-0.00110470232016581
0.00460897390940163
-0.0141173431383603
-0.0223263561870129
-0.0131668171122013
0.021683895043263
0.0189827639454254
0.0151471698202268
0.0320116643128775
0.0121359113756183
-0.0228862390093629
-0.0152717888618323
0.0146843881869873
-0.01472367941305
0.00958981200060194
-0.00223522227413437
-0.00232181573441904
-0.00922107625285535
-0.0208245662536815
0.0225215600954657
0.0102778022915602
6.45615689991571E-05
0.0301894676170459
-0.00738378347317866
-0.0119217295886064
0.000771307630435219
0.0155688767535733
-0.0261074453073455
-0.0126539708311382
0.00405858793232709
-0.014118986349554
0.0141279068870623
-0.00836322159044988
-0.0117763975437647
-0.00800417487462386
0.0215473156182269
-0.0113288571664853
0.0104989501532779
0.0223196798168103
0.00237147989257886
0.00565021356984705
-0.0339048218277201
-0.0324091344140365
0.0212020288893081
-0.0185477738618283
0.0241766749898969
0.0100901206898809
0.0132319705937267
-0.00832863195761998
-0.0233963143782924
-0.0159747364107871
0.00998636640717075
-0.0217111450774805
-0.00406342052230958
0.00831658533266215
0.0265105807516327
-0.00567845716261508
-0.0262104326648322
0.0146399466751752
0.0137924025919497
-0.00745092978368874
-0.00774318173221937
0.0105048379769512
-0.00174455082783554
-0.025645603561366
0.000404430609736018
-0.0264818589409916
0.0173126327848421
0.0253522807293343
0.0200886456512815
-0.0110099865243761
0.00155954614829359
0.00125228024182287
-0.000103412948897664
0.011014609946639
-0.0019432179759259
0.00592113559378305
0.014907211458838
-0.000660153556871165
-0.0255672587878609
-0.0118096448805116
0.0155887061276063
0.020351517696126
0.0147838679543599
-0.00521987955355825
0.0107078367499613
-0.00213579375876925
0.0128107626951638
0.00294010263320168
-0.0210971218745866
0.0235064571491809
-0.0345611796116557
0.00262696073047056
0.01150080835919
0.0208899435231467
-0.0114603042051747
0.00409055399898772
0.0192827197619705
-0.0238601945555745
0.0142556252435006
-0.0178028752231056
-0.000472298290150585
-0.000901969428354731
0.0238373242309328
-0.0210790242938407
0.000396871421506532
0.00608176766695001
-0.00207676135359629
-0.00949870049957817
-0.00397844987632652
0.0105296299353811
-4.53542704473589E-05
-0.0029780495716003
0.012525426030223
0.00988260180781072
0.00564046718747126
-0.0147990914568121
0.0227043515966955
-0.00120515451340467
0.0301800439554723
0.00631706669815191
-0.0107101356506475
0.00719550714546513
-0.0362587739088169
-2.55507931302371E-05
-0.00847770178291323
-0.00830269614690089
-0.0226629805782664
0.019167360049005
-0.0173413398903584
0.00652825166154652
0.0042554592506542
-0.0167646951038884
0.00683161581762079
0.013933502747684
-0.00525070366172453
0.036011026551546
-0.000813167185261534
-0.0125896016251283
0.0209924262485255
-0.0300876554965482
0.0230076558948741
0.0258463520764336
-0.00652457015680456
-0.00135651932848449
-0.00232835434677721
-0.0117825340193392
0.00188765753137214
0.0128069418985434
-0.00981599133490765
0.0195110918352511
0.0273534678922906
-0.00215605370868736
0.0222685310115688
-0.0146191060629385
0.0085230400556633
-0.0232712339350471
0.0247053644043474
-0.000821478532330069
0.00988950032158092
0.00965152444950495
0.0164435340893418
0.0130308563084443
0.00688045042418761
0.00106795386323105
-0.0568833034990286
0.0205685087903321
-0.0136949496570715
-0.0162765674643318
-0.00719222890266039
0.0283004725187346
0.0209206409144936
0.00423561672025421
0.0200297570840856
-0.00424824729454045
-0.00760986974470774
-1.94593983108412E-05
-0.00271909446590178
0.0245989972455959
-0.00116527749618127
-0.0121627275910772
-0.0176183943178608
-0.0152302057594463
-0.0108419527242503
0.0234863675223255
0.00466395698651947
0.0151435151642304
-0.009726162664798
-0.0020963700142601
0.000548171891593424
-0.039231624894843
0.0195810075409414
-0.010378502879498
9.74261602606241E-05
-0.00399753270927103
0.000926044652902489
-0.0107378484409551
-0.013865349811903
0.022951162402421
0.0143313159156649
-0.014565588051559
-0.00111647298533093
0.0290555622060532
-0.0218368520974761
0.0170780861474784
0.0161161854391376
0.00887943925891567
0.00257167068137016
0.0098101552273769
0.0187902878566323
0.000625934253165624
-0.000418639944289624
-0.000408330055638318
0.0141234204829173
-0.0136153926552863
0.00450310579192114
0.00851366142011912
-0.00407696827755569
-0.0342248744371084
0.0376397167631177
-0.0122341962512755
-0.00801353011417403
0.0130067359844884
-0.00859204770445267
0.0316300331926973
0.0187317728973959
-0.0138447066326049
-0.0093824497631564
-0.000967342386007071
0.00221786401718693
-0.0221062085993265
0.0144977885655588
0.00804242127224275
-0.00255313955432299
0.0181088697730566
-0.000830115428682635
-0.0051445556149323
0.00733282667118928
-0.00984058424837457
-0.0133518999857147
0.00312244053597008
-0.000652850452170665
-0.0235349708879805
-0.00903680133181611
0.0186618170920374
0.0342287467510245
-0.030120612065287
0.0259277474641412
-0.0286300202985077
0.00724637667332597
0.00904435850038204
0.00873924326216435
-0.021536320523927
0.0110533677875566
0.00377751303869603
0.00374665992833027
-0.0104246681044252
-0.00171267034506685
0.00909055567813055
-0.00212507419350364
-0.00979538941825667
0.00218697021355191
-0.00424576709471988
-0.00221662458275255
-0.0173005445370284
0.0156948323461342
-0.00687109572313396
-0.0114453941450779
0.0324357951091254
-0.00286867022435837
0.023415650905434
-0.0344046892006024
-0.00685327914559325
0.0105925108101433
0.0145933038283756
0.00075249477461965
0.0135619011187166
0.00313238552965394
0.00616315429158296
0.0138140752820418
-0.00441576874361114
0.00389775298005374
0.0195155431277538
-0.0021106616892365
-0.00443509062125679
0.0194939703206658
0.00505602990593927
-0.00573885437970954
0.0198133654123118
-0.00231294948125476
0.0193369121681348
-0.0236564728343225
-0.00774520877579248
0.000574335603179527
-0.0243643951136295
0.0245493302793677
0.00579535341496671
0.0176343753742212
-0.0472179375116042
0.0374305664286659
0.0213943133808835
-0.00351003236157905
-0.0194005069293841
-0.00389985522714754
-0.000267179821761024
0.0343510530207706
-0.00768427160398355
0.00206723347151251
-0.0238195529658403
-0.0155297457254208
-0.0120929723403124
-0.000741613453018606
0.0134573964209059
-0.000325218455626127
-0.0121875535947063
-0.0211596142618116
-0.00172419660428831
0.0218898221243714
0.0129074434543227
-0.0240705365559377
0.000778091421118409
0.00890218399205515
-0.0273919418744538
0.00755205805664118
0.0137381578087556
0.0100820730033791
-0.0188781290610149
0.0257439861483505
0.0032201401762025
-0.0200523209634626
0.0195442870709549
0.0414168164428922
-0.022864552873231
0.0157112981958353
-0.00217284956051386
-0.0170375798540925
-0.00669941137179559
0.0114951738406875
0.0034667332572214
0.00054018584459461
-0.00526842758235896
-0.00871801898056793
0.00154691240872853
0.0262215825294051
-0.018702661046738
0.0119317834475512
-0.00783772404371617
-0.0331276076220215
0.0132853280262735
-0.0242907569428389
0.0128407981564351
-0.0165377466786322
-0.00654522318606535
0.0258017683758147
-0.00535885466736866
0.000285525311895671
-0.00104956252750275
-0.0314088656687489
-0.0125923260346408
-0.00762022868298234
-0.00152387968524394
-0.00633883805121284
0.00509595916815964
0.0013645342163022
-0.0138525307985477
-7.64593606437894E-05
-0.016487394340186
-0.00328387971376374
-0.00578654748462147
0.00734588665569614
-0.024137088288215
0.0155028968275361
-0.00739257953854399
-0.019196474054781
0.000679339527885642
-0.0130967752173288
0.00706220283429956
0.00857740764919195
0.00146878240925142
-0.0403553563176768
0.0124793489626584
-0.0291408039512953
0.00588738164237114
-0.00444732927417409
0.00495466499311015
-0.00496084135569178
0.010717922720011
-0.00829764858249346
-0.0158281576885413
0.00604127253839173
0.00398928005667876
0.00150145444020178
0.0111945796940431
0.029873139876963
-0.000207098269741441
-0.0530673831326381
-0.0126111503295298
0.016600988536882
0.00322889238073915
0.00278749658165833
-0.00416997792372683
-0.00184523435465989
-0.0207440722288993
0.0303453678675754
-0.0252805708932577
0.0184920934913664
-0.0204870838675208
0.0223834369077465
0.00101916403694905
0.0226895226979263
-0.00267686614913832
0.0258231655503175
-0.00993494961399114
-0.00467188711905273
0.00172180300983199
0.013369494871825
0.0150504669771441
0.00885398362915629
-0.031250948039197
-0.00855269100364296
-0.0135875588479516
-0.0068459940998907
0.0151062081866744
-0.0167304993818683
-0.0212214822079884
0.00633918812971866
0.00530650305612146
-0.0117899985691857
0.00196118782522525
-0.00536999248695849
0.0135359830232756
-0.00421402998899274
-0.00108567165196413
0.0291737733430647
0.00223274739034511
-0.00482051939211808
0.0163148463681679
-0.00787719765252445
0.0124427847770099
0.00162648792122662
-0.00441301205872794
-0.00057474530544939
-0.00437530273104339
-0.0178821715570129
0.00707583890071242
0.00252358556855911
-0.00577099988980145
0.0153079485257032
-0.0064687200130111
-0.00489862366544464
-0.0166501820322228
-0.0080889572256516
-6.94842670205355E-05
-0.00987014720427151
0.0212692752618494
-0.00121574858252776
-0.00624783027366808
-0.0115887678403074
0.0162495990361516
-0.00416785480836357
0.0140701754734753
-0.01587527153193
-0.0115264828500338
0.00958300203941052
-0.0214718726327257
-0.0247239978033782
-0.0240418533337472
-0.0040675577898093
0.00563799405521195
0.011977512952681
0.0558096707256177
-0.0152626030291621
0.00871133027941239
-0.0239403524103494
0.0082858130698379
0.0218773201538009
-0.0115701807957061
0.00238479303646856
-0.00283354286122758
0.0079919164156053
0.024761672751661
-0.0183343573622683
0.00746170220633164
0.0113911366756555
-0.0143329402834049
-0.0133326117270345
-0.0103985963719012
-0.00905544385014419
-0.0135901302830717
-0.00533942320787266
0.00141282945441546
-0.0190893681636738
-0.0173417846537575
-0.00403681983054179
0.0299636606650525
-0.0242891211941337
-0.010347070946904
-0.0297864793747273
-0.0230349605709254
0.0147520522396403
0.00452082497557224
-0.0174846826609539
0.0128437498156729
0.0135951098637295
-0.021719700790208
0.024751133828238
0.0218820035284941
-0.012590479119497
0.0253944135989409
-0.00655865610324609
-0.016329078938438
-0.0103691368054419
-0.00472906972447442
0.00809179380541747
-0.00472322745901507
0.0238531679429631
0.00376408027567813
-0.0141659811600066
-0.0136766480309171
-0.000635625025459507
0.00028934859451157
0.0172650184202847
-0.00741875985281885
0.0195178201697248
-0.0189524306746485
-0.00933011745967376
0.0236600563325956
-0.0466666777927311
-0.000597379918885499
-0.015007070869659
0.0179402815873835
0.00142526907625116
0.0242278085769713
-0.0466649861774748
-0.0119456189007791
-0.0069696101692968
0.0230663836235015
0.0121926366771198
0.0266779974141269
-0.00420615084282627
-0.0304996467275783
0.00458425663596831
0.0130030498760571
0.00117312794002285
0.00657458766769121
0.0105475410975848
0.00307933720056211
0.00955957187462909
0.0187366188581429
0.00107793352170775
-0.00477513150927969
-0.0103065720636191
0.0270929359082978
0.0168679739281334
0.0250078090166428
-0.00964433120475593
-0.0298892761032776
0.0129440604432997
0.0148214216849906
-0.0312952982575281
-0.000588094942797829
-0.00895635625347487
0.00431819155244081
0.00173753605679173
0.00816851799141279
-0.0168731061203211
-0.00894678592139437
0.00911938392390175
-0.00647413985069099
-0.0450935843349566
-0.0249437086243215
-0.0382217594469391
-0.00338131112421724
0.0119112195606592
0.0147255657003952
-0.00392939878704924
-0.0168814690093957
-0.0158262445334451
0.0302830967382205
0.0222826845532395
0.0140847100764915
-0.0152503317234077
-0.0132110625787676
0.0240388129423113
0.000135729059413686
-0.00085630745149718
0.0284590852856311
0.00517573917393861
0.00409427733850535
-0.019082672619672
0.0171267726351629
0.0208866857921604
0.0176547684897763
-0.0213457870497465
0.000790400949592764
0.00438350872730748
-0.00436056665908896
-0.0165534766534053
-0.00836675408452533
-0.00282479126639011
0.00112841825831571
-0.0197809406295458
-0.0150741642537741
-0.00689868960627666
-0.0125189604464852
0.00397633610199577
0.00945009161998904
-0.0281244879008182
-0.0262753063824074
0.00297419526584612
-0.0170608667050623
0.0241354974241873
0.0238456460458143
-0.011767019792073
-0.0132560453414226
-0.00916681820767248
0.0115864508981737
0.000555492145857651
0.0352928613656001
-0.0189813644310254
0.00588047215684428
-0.00784013901309541
0.0412379578654809
0.021012492608083
-0.000475351533664621
-0.00218385747799508
-0.0189539754330279
-0.00340287088841889
-0.0105516712844642
0.000950361489243978
-0.00159672248212138
-0.00497989851056083
-0.00793159756487333
0.000100440232156864
-0.00276151056179604
-0.010644087361996
-0.000526611842520839
-0.00572936573778099
0.0253054284417917
-0.0166477041513355
-0.0127642402519034
0.00193899496714888
0.0395396662492579
-0.00205599963374728
0.0045461739182201
-0.0244673909371646
0.00658254685623477
0.0128962272662851
-0.0319868745877814
0.0164528079415673
0.00780995850133537
-0.00137298479308297
0.0141509231655197
0.0101818516117497
0.00992649309772481
-0.015007296712414
-0.00030125003328346
0.00387357489799519
0.0142935020590702
-0.0134131963253273
0.0150178730926146
-0.00562718136576276
-0.0405121516175854
0.000295888869771224
-0.0212187203903378
0.0060981140562965
-0.00342991777542122
0.0090219041483924
-0.0391091148089859
0.00302254186464773
0.0253839803938333
-0.00811773953190822
0.0191381118533502
-0.00761334053253105
0.0166081566101553
-0.000469844845548655
0.0268763499443375
-0.0195951058571914
0.0231470072741922
-0.00652404424448986
0.0177102195820002
-0.00377926630843339
0.00379184879500538
-0.0174444259043825
-0.0131544098020169
-0.00716470383045398
-0.00180344523063115
-0.00190697814705865
0.011132495951185
0.0393628498302347
0.00322417121025006
0.00772460428774414
-0.00128437116249686
-0.00936711759990194
0.026387375786476
-6.74056888190236E-05
-0.0243218536184312
-0.0157700300692909
0.0244177219673148
-0.00362285468192228
0.0023735844474446
0.0342884587738104
-0.0170633004464801
0.000309383798911041
0.0106527162445798
-0.00266797371578595
-0.0241703900081172
0.0131496235217352
0.0148745983815812
0.00301273405163902
-0.0085367017754042
0.00874616766711806
0.00137051612313852
-0.0172128018560526
0.000791009505000632
-0.00737024220200879
-0.00667506072900652
-0.0148435615670206
-0.00438361418056281
-0.00561680247672778
-0.0182083922610282
0.0349622818388736
-0.0272941089134762
0.00271820856191119
-0.00409068352007774
-0.0339100041369585
0.0264799649609282
-0.0245988278404787
-0.00388098670264834
-0.0122179440056879
0.0175163869845761
0.0020689393462209
0.0145991679949406
-0.00107488379316221
0.00938770872068567
0.00129861106139968
-0.0126977531623857
0.0298704444747445
0.00134369855614255
0.025613042611401
-0.001107587539932
0.0153101942162842
-0.00420691652595808
-0.0147187837049952
0.0192427622194479
-0.0167920996960688
0.0128662711179687
0.0284040732486345
-0.00263301364754083
-0.0158494890684768
-0.00568026469737441
0.0281589466343019
0.0152717622600087
-0.0164410069069132
-0.0107101699506166
0.0286668935038083
-0.0199237868534369
0.00911174373638835
-0.00646039705624798
-0.0286748522394637
0.00170183686017746
-0.0114929284381473
-0.0154978285186797
-0.00151734462323564
0.00693900522868091
0.00869764713988286
0.0176864191925996
-0.0160681857871002
0.00773627758224455
0.011859956294372
0.0141099457901555
-0.0162252869945236
0.013572113491731
-0.0194823838533818
-0.00741039383428339
0.0240243826436255
-0.0171121200925385
0.0104763915311111
0.00265182994933766
0.0046217666315459
0.0228968946147104
0.00477363609558893
0.00376563232081622
0.0133486637075355
0.00916069900104908
-0.0248105240675094
0.00801348578816947
0.00237034236282478
0.004098983162506
-0.00688805910306832
-0.00542464039083894
0.0154702263891627
0.0073708669666552
0.0199282377739605
0.00393955774794863
-0.00837671892467029
-0.00745903947473023
0.00663833366852078
-0.000246141639938224
-0.0235109703852242
0.00698179481063568
-0.0218115840588757
0.00436417338500533
-0.00554810768541081
0.00576416398990465
0.00944281994060377
0.0282692481114037
0.00858837518819668
-0.0275477654171975
-0.0240476044146346
-0.0124042612069423
0.0134649270938868
-0.0297826219063529
0.0161303515719
-0.019316986046573
0.0295870451885051
0.0213952734375781
0.0070097494429252
0.0191795201720661
0.0150110105830408
0.0212633230740122
0.0190147782340195
-0.00967954541458611
-0.0181230748626529
0.0234236090838435
0.00820488120646686
0.00105605052457027
0.0189858692911757
0.0221158456724806
-0.0202745393896742
-0.033637211271422
-0.00645911681790491
0.00354629435218235
0.00358821158941862
9.0052282953359E-05
-0.0156175566322549
0.00384969153004029
0.00514242347084686
-0.0231999854927606
-0.0378590616783632
0.0185623197142844
0.0187240604403504
-0.002512338335751
-0.000665646325564468
-0.00822222621918593
-0.0148602233625202
-0.00185944790286991
0.0318288837949367
0.00429279375576102
0.0127180364603322
0.00592320254056898
-0.0221567853788613
0.00322719094527466
-0.00612446847747939
-0.000891997979285655
-0.0126498680375088
-0.0106894001804682
-0.00258325320002596
0.0218764893120304
0.0127070866677964
-1.41956290409831E-05
0.00837881874313319
-0.0219121652014777
0.022774847741768
-0.0152313334386983
-0.00956698796722071
0.0169030612678797
0.00289099077023034
-0.0142776880227889
0.00651327520795291
0.0242124697806712
-0.012114274812912
-0.0173845370467048
0.0358709771677508
0.00838228291845275
-0.0109006875017007
-0.0046493990027026
-0.00241588315478348
0.0122567541823105
0.00392090627627974
0.0160519699727973
-0.0183376431329223
-0.0143360113556059
0.0211430038232497
0.00529919892027758
-0.0176431003594352
0.0261991484214995
0.000902208833894138
-0.0516057784510493
-0.00274774497983304
0.00320798170290878
0.0194390433137757
-0.0173817811478164
-0.00527374245258716
0.00804092738221255
0.0108054184440501
-0.0104955120429394
-0.00713535211096969
0.0182423563933147
0.0234592660735171
-0.0245667442493279
0.0459103552930926
-0.00564814532431147
0.0057185494502241
-0.0156756510231702
-0.00136862512261289
0.0167197597077913
-0.0208432820406127
-0.00909822553272179
0.00652506106422937
-0.0197655685659062
0.000215026364285922
0.0218551134335249
-0.0276469247099209
-0.000778082149830444
0.0119058983110195
-0.0209415036221428
-0.0167175459560292
-0.0209746375897092
0.00958001726931159
-0.00656102768376779
0.0162455952512682
-0.0172707339012152
-0.0106313944283005
-0.0145260042532328
0.0206856450915521
-0.0162901381297183
-0.00493913425328464
-0.00423056345180056
0.00748078260513334
-0.000882974826666465
-0.00806908275566118
-0.0111279107133037
0.0136190022444524
-0.0011990407645218
0.0222461342452465
-0.0110790199534448
0.00806625443067712
-0.00593900222055182
0.0019961415381994
0.0152777656597306
0.00377060009898248
-0.0188839486721947
-0.00380381310275574
0.0205939302615725
-0.00710113321782187
-0.00866553452878033
-0.0105266083426012
-0.00244996091247933
-0.017713257602999
0.01989060096946
0.000567181989723015
-0.0220863784954398
0.0159321964200827
-0.026101042876851
0.00885654710894367
-0.0111628992852366
0.0195558476388324
-0.00847830743577977
0.00903750349765704
-0.00440430008856284
-0.0109490717827229
-0.00174446987746831
0.0217126746591845
-0.0131287380955013
-0.0106002154419484
0.0156112047471057
0.00157268120362688
-0.034156781007551
0.0049845112877622
-0.0105338114566197
0.00111100162220224
0.0044231246660835
-0.0427971856979348
0.00705682227854714
-0.0132450129135633
0.013824638044499
-0.00950077060293894
0.0116471643040392
0.0208571314676276
0.012424444718523
-0.036423893173426
-0.0164059362247146
0.00686288687100732
0.00591208272699162
-0.0213890530909151
-0.000766535758231963
-0.0259579982536205
0.0165663497620449
-0.0127277782496068
0.000181116429208528
0.0243462984024206
0.0143162463957772
0.0174664524484529
-0.0100450413825104
0.00352823643029404
-0.0262188858078783
0.00807011351115672
-0.0152554648477872
0.0192625129122564
0.0252654262699394
-0.0228182025481513
-0.0149857254873177
0.0245143585135048
-0.0149857254873178
-0.0228182025481514
0.0252654262699394
0.0192625129122564
-0.0152554648477872
0.00807011351115672
-0.0262188858078782
0.00352823643029405
-0.0100450413825105
0.0174664524484528
0.0143162463957773
0.0243462984024206
0.000181116429208523
-0.0127277782496067
0.0165663497620448
-0.0259579982536206
-0.000766535758231978
-0.0213890530909151
0.00591208272699161
0.00686288687100727
-0.0164059362247146
-0.0364238931734261
0.012424444718523
0.0208571314676276
0.0116471643040392
-0.00950077060293898
0.0138246380444991
-0.0132450129135633
0.00705682227854717
-0.0427971856979351
0.00442312466608349
0.00111100162220224
-0.0105338114566197
0.00498451128776221
-0.034156781007551
0.00157268120362686
0.0156112047471057
-0.0106002154419484
-0.0131287380955014
0.0217126746591845
-0.00174446987746829
-0.0109490717827229
-0.00440430008856283
0.00903750349765705
-0.00847830743577976
0.0195558476388324
-0.0111628992852366
0.00885654710894365
-0.0261010428768511
0.0159321964200828
-0.0220863784954399
0.000567181989723079
0.0198906009694599
-0.017713257602999
-0.00244996091247931
-0.0105266083426012
-0.00866553452878038
-0.00710113321782186
0.0205939302615725
-0.0038038131027557
-0.0188839486721946
0.00377060009898246
0.0152777656597306
0.0019961415381994
-0.00593900222055183
0.00806625443067712
-0.0110790199534447
0.0222461342452466
-0.0011990407645218
0.0136190022444524
-0.0111279107133037
-0.00806908275566112
-0.000882974826666472
0.00748078260513331
-0.00423056345180057
-0.00493913425328458
-0.0162901381297183
0.0206856450915522
-0.0145260042532329
-0.0106313944283005
-0.0172707339012152
0.0162455952512682
-0.00656102768376783
0.00958001726931157
-0.0209746375897092
-0.0167175459560292
-0.0209415036221427
0.0119058983110195
-0.000778082149830447
-0.0276469247099209
0.0218551134335249
0.000215026364285938
-0.0197655685659062
0.00652506106422935
-0.00909822553272184
-0.0208432820406128
0.0167197597077912
-0.00136862512261292
-0.0156756510231702
0.00571854945022408
-0.0056481453243115
0.0459103552930927
-0.0245667442493278
0.0234592660735171
0.0182423563933147
-0.00713535211096964
-0.0104955120429394
0.0108054184440501
0.00804092738221254
-0.00527374245258713
-0.0173817811478165
0.0194390433137757
0.00320798170290877
-0.00274774497983302
-0.0516057784510494
0.000902208833894114
0.0261991484214996
-0.0176431003594352
0.00529919892027753
0.0211430038232498
-0.014336011355606
-0.0183376431329223
0.0160519699727973
0.00392090627627974
0.0122567541823105
-0.00241588315478345
-0.00464939900270258
-0.0109006875017008
0.00838228291845279
0.0358709771677508
-0.0173845370467048
-0.012114274812912
0.0242124697806713
0.00651327520795289
-0.0142776880227889
0.00289099077023035
0.0169030612678797
-0.00956698796722069
-0.0152313334386983
0.022774847741768
-0.0219121652014777
0.00837881874313311
-1.41956290409861E-05
0.0127070866677963
0.0218764893120304
-0.00258325320002591
-0.0106894001804681
-0.0126498680375088
-0.00089199797928564
-0.00612446847747943
0.00322719094527466
-0.0221567853788613
0.00592320254056895
0.0127180364603322
0.00429279375576105
0.0318288837949367
-0.0018594479028699
-0.0148602233625202
-0.0082222262191859
-0.000665646325564363
-0.00251233833575102
0.0187240604403504
0.0185623197142845
-0.037859061678363
-0.0231999854927606
0.00514242347084683
0.0038496915300403
-0.0156175566322549
9.00522829533461E-05
0.00358821158941864
0.00354629435218231
-0.00645911681790486
-0.033637211271422
-0.0202745393896741
0.0221158456724806
0.0189858692911757
0.00105605052457024
0.00820488120646688
0.0234236090838434
-0.0181230748626529
-0.0096795454145861
0.0190147782340195
0.0212633230740123
0.0150110105830407
0.019179520172066
0.00700974944292517
0.021395273437578
0.0295870451885051
-0.019316986046573
0.0161303515719
-0.0297826219063529
0.0134649270938869
-0.0124042612069423
-0.0240476044146346
-0.0275477654171974
0.00858837518819668
0.0282692481114038
0.00944281994060375
0.00576416398990465
-0.00554810768541082
0.00436417338500533
-0.0218115840588758
0.00698179481063577
-0.0235109703852242
-0.000246141639938202
0.00663833366852079
-0.00745903947473025
-0.00837671892467025
0.00393955774794864
0.0199282377739606
0.00737086696665518
0.0154702263891627
-0.00542464039083893
-0.00688805910306834
0.00409898316250598
0.00237034236282479
0.00801348578816943
-0.0248105240675094
0.00916069900104909
0.0133486637075355
0.00376563232081623
0.00477363609558889
0.0228968946147103
0.00462176663154588
0.00265182994933763
0.0104763915311111
-0.0171121200925385
0.0240243826436256
-0.00741039383428341
-0.0194823838533818
0.013572113491731
-0.0162252869945236
0.0141099457901555
0.011859956294372
0.00773627758224456
-0.0160681857871002
0.0176864191925996
0.00869764713988289
0.00693900522868087
-0.00151734462323562
-0.0154978285186796
-0.0114929284381472
0.00170183686017745
-0.0286748522394638
-0.00646039705624794
0.0091117437363883
-0.0199237868534367
0.0286668935038083
-0.0107101699506166
-0.0164410069069132
0.0152717622600087
0.028158946634302
-0.00568026469737445
-0.0158494890684769
-0.00263301364754089
0.0284040732486344
0.0128662711179687
-0.0167920996960687
0.0192427622194479
-0.0147187837049951
-0.00420691652595811
0.0153101942162843
-0.00110758753993203
0.0256130426114011
0.0013436985561426
0.0298704444747445
-0.0126977531623857
0.00129861106139969
0.00938770872068568
-0.00107488379316224
0.0145991679949406
0.00206893934622092
0.0175163869845761
-0.0122179440056879
-0.00388098670264834
-0.0245988278404788
0.0264799649609282
-0.0339100041369586
-0.00409068352007773
0.0027182085619112
-0.0272941089134762
0.0349622818388736
-0.0182083922610282
-0.00561680247672774
-0.00438361418056283
-0.0148435615670206
-0.00667506072900654
-0.00737024220200881
0.000791009505000628
-0.0172128018560526
0.00137051612313852
0.00874616766711803
-0.00853670177540416
0.00301273405163901
0.0148745983815811
0.0131496235217352
-0.0241703900081172
-0.00266797371578594
0.0106527162445798
0.000309383798911051
-0.0170633004464801
0.0342884587738102
0.00237358444744458
-0.00362285468192229
0.0244177219673148
-0.0157700300692908
-0.0243218536184312
-6.74056888189816E-05
0.026387375786476
-0.00936711759990194
-0.00128437116249686
0.00772460428774412
0.00322417121025005
0.0393628498302347
0.011132495951185
-0.00190697814705862
-0.00180344523063114
-0.00716470383045406
-0.0131544098020169
-0.0174444259043826
0.00379184879500539
-0.00377926630843339
0.0177102195820002
-0.00652404424448987
0.0231470072741922
-0.0195951058571914
0.0268763499443375
-0.000469844845548664
0.0166081566101552
-0.00761334053253104
0.0191381118533502
-0.0081177395319082
0.0253839803938332
0.00302254186464774
-0.0391091148089859
0.00902190414839241
-0.00342991777542123
0.00609811405629647
-0.0212187203903378
0.000295888869771176
-0.0405121516175854
-0.00562718136576276
0.0150178730926145
-0.0134131963253273
0.0142935020590702
0.00387357489799521
-0.000301250033283445
-0.015007296712414
0.00992649309772479
0.0101818516117498
0.0141509231655196
-0.00137298479308295
0.00780995850133534
0.0164528079415673
-0.0319868745877814
0.012896227266285
0.00658254685623475
-0.0244673909371646
0.00454617391822015
-0.00205599963374724
0.039539666249258
0.00193899496714894
-0.0127642402519034
-0.0166477041513355
0.0253054284417918
-0.00572936573778098
-0.000526611842520807
-0.0106440873619959
-0.00276151056179603
0.000100440232156871
-0.00793159756487329
-0.00497989851056084
-0.00159672248212137
0.000950361489243964
-0.0105516712844642
-0.00340287088841898
-0.0189539754330279
-0.00218385747799508
-0.00047535153366461
0.021012492608083
0.0412379578654807
-0.00784013901309541
0.0058804721568443
-0.0189813644310254
0.0352928613656
0.000555492145857615
0.0115864508981737
-0.00916681820767249
-0.0132560453414226
-0.0117670197920729
0.0238456460458143
0.0241354974241874
-0.0170608667050623
0.0029741952658461
-0.0262753063824074
-0.0281244879008181
0.00945009161998899
0.00397633610199579
-0.0125189604464853
-0.00689868960627664
-0.0150741642537741
-0.0197809406295458
0.00112841825831574
-0.00282479126639013
-0.0083667540845253
-0.0165534766534053
-0.00436056665908897
0.00438350872730744
0.000790400949592755
-0.0213457870497465
0.0176547684897763
0.0208866857921603
0.0171267726351629
-0.019082672619672
0.00409427733850535
0.00517573917393862
0.028459085285631
-0.000856307451497162
0.000135729059413688
0.0240388129423113
-0.0132110625787676
-0.0152503317234077
0.0140847100764915
0.0222826845532395
0.0302830967382206
-0.0158262445334451
-0.0168814690093957
-0.00392939878704926
0.0147255657003952
0.0119112195606592
-0.00338131112421723
-0.0382217594469394
-0.0249437086243216
-0.0450935843349567
-0.006474139850691
0.00911938392390182
-0.0089467859213944
-0.0168731061203211
0.00816851799141277
0.00173753605679175
0.00431819155244077
-0.00895635625347485
-0.000588094942797835
-0.0312952982575282
0.0148214216849906
0.0129440604432998
-0.0298892761032777
-0.00964433120475591
0.0250078090166428
0.0168679739281334
0.0270929359082978
-0.0103065720636191
-0.00477513150927972
0.00107793352170777
0.0187366188581429
0.00955957187462908
0.00307933720056207
0.0105475410975848
0.00657458766769118
0.00117312794002286
0.0130030498760572
0.00458425663596835
-0.0304996467275783
-0.00420615084282631
0.0266779974141268
0.0121926366771199
0.0230663836235015
-0.00696961016929682
-0.0119456189007791
-0.0466649861774749
0.0242278085769713
0.00142526907625118
0.0179402815873835
-0.015007070869659
-0.000597379918885483
-0.046666677792731
0.0236600563325956
-0.00933011745967377
-0.0189524306746485
0.0195178201697249
-0.00741875985281883
0.0172650184202846
0.000289348594511582
-0.000635625025459555
-0.0136766480309171
-0.0141659811600066
0.00376408027567813
0.0238531679429632
-0.00472322745901505
0.00809179380541746
-0.00472906972447444
-0.0103691368054419
-0.016329078938438
-0.00655865610324611
0.0253944135989409
-0.012590479119497
0.0218820035284941
0.024751133828238
-0.0217197007902082
0.0135951098637295
0.012843749815673
-0.0174846826609539
0.00452082497557227
0.0147520522396403
-0.0230349605709253
-0.0297864793747275
-0.010347070946904
-0.0242891211941336
0.0299636606650525
-0.00403681983054176
-0.0173417846537576
-0.0190893681636739
0.00141282945441542
-0.00533942320787266
-0.0135901302830717
-0.0090554438501442
-0.0103985963719012
-0.0133326117270345
-0.014332940283405
0.0113911366756555
0.00746170220633165
-0.0183343573622683
0.0247616727516609
0.00799191641560529
-0.0028335428612276
0.00238479303646857
-0.0115701807957062
0.0218773201538009
0.00828581306983788
-0.0239403524103494
0.00871133027941236
-0.0152626030291621
0.0558096707256177
0.011977512952681
0.00563799405521195
-0.00406755778980926
-0.0240418533337472
-0.0247239978033781
-0.0214718726327257
0.00958300203941054
-0.0115264828500339
-0.01587527153193
0.0140701754734754
-0.00416785480836357
0.0162495990361516
-0.0115887678403075
-0.00624783027366811
-0.00121574858252777
0.0212692752618494
-0.00987014720427153
-6.94842670205125E-05
-0.00808895722565166
-0.0166501820322228
-0.00489862366544463
-0.00646872001301112
0.0153079485257032
-0.00577099988980142
0.00252358556855912
0.0070758389007124
-0.0178821715570128
-0.0043753027310434
-0.00057474530544937
-0.00441301205872793
0.00162648792122661
0.0124427847770098
-0.00787719765252447
0.0163148463681679
-0.00482051939211808
0.0022327473903451
0.0291737733430647
-0.00108567165196413
-0.00421402998899276
0.0135359830232755
-0.00536999248695849
0.00196118782522529
-0.0117899985691857
0.00530650305612144
0.00633918812971864
-0.0212214822079884
-0.0167304993818683
0.0151062081866744
-0.00684599409989071
-0.0135875588479516
-0.00855269100364299
-0.031250948039197
0.00885398362915632
0.015050466977144
0.013369494871825
0.00172180300983199
-0.00467188711905279
-0.00993494961399117
0.0258231655503174
-0.00267686614913829
0.0226895226979264
0.00101916403694905
0.0223834369077465
-0.0204870838675208
0.0184920934913665
-0.0252805708932578
0.0303453678675753
-0.0207440722288993
-0.00184523435465992
-0.00416997792372673
0.00278749658165833
0.00322889238073912
0.0166009885368819
-0.0126111503295298
-0.0530673831326379
-0.000207098269741457
0.029873139876963
0.0111945796940431
0.0015014544402018
0.00398928005667876
0.00604127253839174
-0.0158281576885413
-0.00829764858249345
0.0107179227200111
-0.00496084135569181
0.00495466499311013
-0.0044473292741741
0.00588738164237115
-0.0291408039512953
0.0124793489626584
-0.0403553563176767
0.00146878240925145
0.00857740764919195
0.00706220283429954
-0.0130967752173287
0.000679339527885633
-0.019196474054781
-0.007392579538544
0.0155028968275361
-0.0241370882882149
0.00734588665569617
-0.00578654748462143
-0.00328387971376372
-0.016487394340186
-7.64593606438084E-05
-0.0138525307985477
0.00136453421630223
0.00509595916815966
-0.00633883805121285
-0.00152387968524392
-0.00762022868298237
-0.0125923260346408
-0.0314088656687489
-0.00104956252750277
0.000285525311895723
-0.0053588546673687
0.0258017683758148
-0.00654522318606534
-0.0165377466786321
0.012840798156435
-0.0242907569428389
0.0132853280262735
-0.0331276076220216
-0.00783772404371619
0.0119317834475512
-0.0187026610467381
0.0262215825294051
0.00154691240872852
-0.00871801898056794
-0.00526842758235893
0.00054018584459461
0.00346673325722137
0.0114951738406875
-0.00669941137179558
-0.0170375798540925
-0.00217284956051383
0.0157112981958354
-0.022864552873231
0.0414168164428923
0.0195442870709548
-0.0200523209634626
0.0032201401762025
0.0257439861483504
-0.0188781290610149
0.010082073003379
0.0137381578087556
0.00755205805664119
-0.0273919418744538
0.0089021839920552
0.000778091421118354
-0.0240705365559376
0.0129074434543226
0.0218898221243714
-0.00172419660428832
-0.0211596142618115
-0.0121875535947063
-0.000325218455626137
0.0134573964209059
-0.000741613453018592
-0.0120929723403124
-0.0155297457254207
-0.0238195529658403
0.00206723347151248
-0.00768427160398349
0.0343510530207706
-0.000267179821761034
-0.00389985522714755
-0.0194005069293841
-0.00351003236157907
0.0213943133808836
0.0374305664286661
-0.0472179375116044
0.0176343753742212
0.00579535341496668
0.0245493302793677
-0.0243643951136296
0.000574335603179516
-0.00774520877579252
-0.0236564728343225
0.0193369121681348
-0.00231294948125476
0.0198133654123117
-0.00573885437970949
0.00505602990593929
0.0194939703206658
-0.00443509062125681
-0.00211066168923647
0.0195155431277539
0.00389775298005373
-0.00441576874361111
0.0138140752820419
0.00616315429158295
0.00313238552965393
0.0135619011187166
0.000752494774619657
0.0145933038283756
0.0105925108101433
-0.00685327914559323
-0.0344046892006025
0.0234156509054339
-0.00286867022435839
0.0324357951091255
-0.0114453941450779
-0.00687109572313403
0.0156948323461342
-0.0173005445370284
-0.00221662458275254
-0.00424576709471988
0.00218697021355195
-0.00979538941825666
-0.00212507419350362
0.00909055567813051
-0.00171267034506688
-0.0104246681044252
0.00374665992833026
0.00377751303869605
0.0110533677875566
-0.0215363205239271
0.00873924326216437
0.00904435850038204
0.00724637667332596
-0.0286300202985076
0.0259277474641413
-0.030120612065287
0.0342287467510245
0.0186618170920373
-0.00903680133181612
-0.0235349708879805
-0.000652850452170642
0.00312244053597006
-0.0133518999857147
-0.00984058424837453
0.00733282667118925
-0.00514455561493228
-0.000830115428682646
0.0181088697730566
-0.00255313955432292
0.00804242127224279
0.0144977885655588
-0.0221062085993264
0.00221786401718691
-0.000967342386007019
-0.00938244976315642
-0.013844706632605
0.018731772897396
0.0316300331926972
-0.00859204770445266
0.0130067359844884
-0.00801353011417403
-0.0122341962512755
0.0376397167631176
-0.0342248744371084
-0.0040769682775557
0.00851366142011908
0.00450310579192116
-0.0136153926552862
0.0141234204829173
-0.000408330055638311
-0.000418639944289606
0.000625934253165624
0.0187902878566323
0.00981015522737689
0.00257167068137008
0.00887943925891567
0.0161161854391376
0.0170780861474785
-0.0218368520974761
0.0290555622060532
-0.00111647298533093
-0.014565588051559
0.0143313159156648
0.0229511624024211
-0.013865349811903
-0.0107378484409552
0.000926044652902463
-0.00399753270927108
9.74261602606536E-05
-0.0103785028794979
0.0195810075409414
-0.0392316248948429
0.000548171891593438
-0.00209637001426011
-0.00972616266479802
0.0151435151642303
0.00466395698651944
0.0234863675223256
-0.0108419527242504
-0.0152302057594464
-0.0176183943178608
-0.0121627275910771
-0.00116527749618124
0.0245989972455958
-0.00271909446590178
-1.94593983108324E-05
-0.0076098697447077
-0.00424824729454044
0.0200297570840856
0.00423561672025422
0.0209206409144936
0.0283004725187345
-0.00719222890266041
-0.0162765674643319
-0.0136949496570715
0.020568508790332
-0.0568833034990287
0.00106795386323104
0.00688045042418762
0.0130308563084443
0.0164435340893417
0.00965152444950491
0.00988950032158093
-0.000821478532330068
0.0247053644043474
-0.0232712339350471
0.0085230400556633
-0.0146191060629385
0.0222685310115687
-0.00215605370868738
0.0273534678922906
0.0195110918352511
-0.00981599133490768
0.0128069418985434
0.00188765753137214
-0.0117825340193392
-0.00232835434677718
-0.00135651932848445
-0.00652457015680455
0.0258463520764336
0.0230076558948741
-0.0300876554965482
0.0209924262485255
-0.0125896016251283
-0.000813167185261539
0.036011026551546
-0.00525070366172453
0.0139335027476841
0.00683161581762082
-0.0167646951038883
0.0042554592506542
0.00652825166154653
-0.0173413398903584
0.019167360049005
-0.0226629805782664
-0.00830269614690089
-0.00847770178291322
-2.55507931302349E-05
-0.0362587739088169
0.00719550714546516
-0.0107101356506475
0.0063170666981519
0.0301800439554723
-0.00120515451340463
0.0227043515966955
-0.0147990914568121
0.0056404671874713
0.00988260180781066
0.0125254260302231
-0.00297804957160033
-4.53542704473788E-05
0.0105296299353811
-0.00397844987632649
-0.00949870049957818
-0.00207676135359628
0.00608176766695004
0.000396871421506523
-0.0210790242938407
0.0238373242309328
-0.00090196942835474
-0.000472298290150517
-0.0178028752231056
0.0142556252435006
-0.0238601945555745
0.0192827197619706
0.00409055399898772
-0.0114603042051746
0.0208899435231466
0.01150080835919
0.00262696073047061
-0.0345611796116557
0.023506457149181
-0.0210971218745865
0.00294010263320168
0.0128107626951638
-0.00213579375876932
0.0107078367499614
-0.00521987955355822
0.0147838679543599
0.020351517696126
0.0155887061276062
-0.0118096448805116
-0.0255672587878608
-0.00066015355687119
0.014907211458838
0.00592113559378307
-0.00194321797592589
0.011014609946639
-0.000103412948897636
0.00125228024182288
0.00155954614829358
-0.0110099865243761
0.0200886456512815
0.0253522807293342
0.0173126327848421
-0.0264818589409917
0.000404430609736025
-0.025645603561366
-0.00174455082783552
0.0105048379769513
-0.00774318173221935
-0.00745092978368877
0.0137924025919497
0.0146399466751751
-0.0262104326648322
-0.00567845716261508
0.0265105807516327
0.00831658533266217
-0.0040634205223096
-0.0217111450774805
0.00998636640717073
-0.0159747364107871
-0.0233963143782925
-0.0083286319576199
0.0132319705937267
0.0100901206898809
0.0241766749898969
-0.0185477738618284
0.0212020288893081
-0.0324091344140365
-0.0339048218277201
0.00565021356984703
0.00237147989257883
0.0223196798168103
0.0104989501532779
-0.0113288571664853
0.0215473156182269
-0.00800417487462384
-0.0117763975437647
-0.00836322159044991
0.0141279068870624
-0.014118986349554
0.0040585879323271
-0.0126539708311381
-0.0261074453073454
0.0155688767535733
0.00077130763043519
-0.0119217295886064
-0.00738378347317866
0.0301894676170459
6.45615689990817E-05
0.0102778022915602
0.0225215600954656
-0.0208245662536815
-0.00922107625285537
-0.00232181573441904
-0.00223522227413432
0.00958981200060196
-0.0147236794130499
0.0146843881869872
-0.0152717888618323
-0.0228862390093629
0.0121359113756183
0.0320116643128775
0.0151471698202268
0.0189827639454253
0.021683895043263
-0.0131668171122013
-0.0223263561870129
-0.0141173431383602
0.00460897390940163
-0.00110470232016578
0.00378961440975299
-0.00539622928719339
-0.00638181340247614
0.00829687419392329
0.00905759870522469
-0.002547167835416
0.0196378509003404
-0.0263769830374224
0.0218185146921274
-0.00108940753500602
-0.0041908424940769
-0.0129206509779063
0.00535773441164519
0.0129721046607018
0.0190195495777946
0.0238878512859472
-0.019070089925064
-0.00722677691616841
-0.0122358175516956
-0.0154716384408121
0.00878227981203465
0.00357659406365834
-0.0016063856841317
-0.0148125220311381
-0.00456392344444654
-0.00904893809908976
0.00688560556819608
-0.00281715199996003
0.00244182527240085
0.0186834328884175
0.0109062080204516
0.0109920423762657
0.00705133333829131
-0.0054540905151313
-0.00975238706736713
-0.00754499971717856
-0.01099090154436
-0.0110201923809113
-0.0129906277285201
-0.00880462755593942
0.0121255549817337
-0.0279914857793076
-0.0111275006586637
0.00657634452733226
0.0178342100730901
0.000621908099120567
0.00653033360296841
0.0183773154312656
-0.00634666531760535
0.014268437052607
0.00988038611916351
-0.014939079256433
0.000361869933920789
-0.00432960092023085
0.0252344162814259
-0.0141700924522192
0.0111198858366153
0.0172415242595916
-0.00226656969803295
-0.000970766982645395
0.0179962488082122
-0.00842772730463085
-0.0116115686923457
0.0472666573047422
0.0100874635747937
0.0102749768637981
-0.0198451000176632
0.000671947074978148
0.000448277580596266
-0.0215982016823586
0.0267953658119901
-0.00348356390849327
0.0113083804958694
-0.00967791202203842
-0.0280920176541468
0.0158830421375433
0.0102565896616745
-0.0224195726202549
-0.00797867370214559
-0.0265906859518627
-0.00890636975029586
-0.0050115741959455
-0.00475577743450584
-0.0175293077696091
-0.00845743284601248
0.0226464620750404
-0.0131780510522768
-0.00421125022030815
-0.0103544059460478
0.0122695966796529
0.0351757419176591
0.00386798541327394
-0.0281848440416947
-0.0255196323594755
0.000724613559366522
0.0169125274214292
-0.00778996704120045
-0.0112256204146227
-0.0346567557594724
0.0138269736537851
0.00293693776414553
-0.00699285366684199
-0.0020494016206058
-0.00872774800686798
0.00856209248490703
-0.00638542212980941
-0.000936441605796754
0.0100805063897625
-0.0228929712289452
-0.00221468946108957
0.0114407924429099
-0.0280631101588587
-0.000568761245315487
0.016223931582328
-0.0258007794416592
-0.0167524281069436
0.0110069491116635
-0.0201144364641325
-0.0253637671195531
0.0129589526739428
0.00224162459249349
0.0155360609448972
-0.0186277064647971
0.0116163656705301
0.0136773390616568
0.00707378046520758
-0.0157814376442088
-0.0112999818633969
0.0111035928917177
-0.000128737604630842
0.00619032465976484
0.027517717290668
-0.00845439158936796
-0.00267639285722257
-0.00121998736777735
0.0192388597063967
-0.0158018607807163
0.0270664788610975
0.0210510289722496
0.0123506094946985
0.000762716308456633
0.024147027244141
0.0243476714770357
0.0162072043674365
-0.0128687409287653
-0.0176481931041319
0.0201218954163314
-0.0192774573029889
0.0355955346456359
0.00818617743670091
-0.0148832976325202
0.00155524629266231
0.00195213247397381
-0.0125465640948944
-0.00144576964583474
0.0173218546598555
0.0112476152111529
-0.0036332774282572
0.0101237005597467
-0.0137423818478227
-4.78237648777574E-05
0.0149182919805069
0.0417919095918498
-0.00269698021749322
-0.00486283254759793
-0.00694368398150687
-0.0033497531801331
0.00771376891699591
-0.0103459123166201
-0.0104144971764259
-0.00633370391921237
-0.017848369871184
-0.0343085044151874
0.0028352877340537
-0.000306439975859139
0.00536493656588484
0.00936277701552593
-0.0154787401476799
-0.0184938893773825
0.011641136367921
-0.018150184578911
-0.0064302371838138
-0.0178377395779821
0.0172324476976309
0.00787129020561799
-0.0359461653799104
0.0192700044690804
-0.00825796455608342
0.00185776185342439
-0.00941563777654542
0.012315848349951
-0.0356471325450388
0.010518882533719
0.0231129831158448
0.00323498978610921
-0.032436792485002
0.0291550664787294
0.0236136028022488
0.0170090032906284
-0.035876152326223
-0.0301188636740052
0.005387606801337
0.0193064847803097
0.0166492460690085
-0.00887308383322522
-0.030995209165867
0.0101908960658998
0.00561079775035776
-0.00475642539923007
0.0112991662040984
-0.00571825792937909
-0.00609191522564947
-0.000388986841598931
0.0196703953224474
-0.0146569570033787
0.0182208605472439
0.0139363107475258
0.00259070930698839
0.00273826105928986
0.0054784800176758
-0.014502948429237
-0.0200061540810228
0.019361445810452
0.00177131415801069
0.0133504213786838
-0.0228780518974618
-0.00955482721365247
-0.0114369263289203
0.0229276279471433
0.0224877545932694
-0.0169247677846341
0.00223119198833717
0.00064559478065115
-0.000236358928221711
0.0209600058456139
0.0116511816152989
0.00160888595591482
-0.0245890154285959
-0.0203806958872857
0.0175813187445631
-0.0274302854142584
-0.0158763150498781
0.00681794589078363
-0.0401353490229585
-0.000316001413669469
0.0178986290256688
-0.000701234850594837
0.0104542727776815
-0.000574170036009572
-0.00442708941573725
0.00475120662545186
0.00766480173608011
-0.000580760613663997
-0.0172178736072211
0.00277935237089121
-0.0106076194131134
-0.0261448123371954
0.00822666151650264
-0.0196612360218048
0.0174600997131133
0.0121689096468376
-0.00707556474921949
0.00876369062535866
0.0192102820339911
0.00743064671438054
0.00630377121908569
-0.000966460800200194
0.0152826186562676
-9.33741029407698E-05
-0.0345289644186395
0.0102595954794801
-0.00269076434746855
0.0184677964515803
0.000323597145283172
0.0123208666026347
-0.0178284745339904
0.00912955792936918
0.0293104724714477
0.0135516117145474
-0.0163932184882763
-0.0119728112483701
-0.00804637711842614
-0.00137593649835205
0.00617228355958419
-0.0190033171741446
0.0076630236317841
0.00127681214469397
0.00885796553290079
0.00320112537172985
-0.00547353442675675
-0.00597115017472373
0.000787794433929102
0.0019566946891627
0.00404832335956225
-0.0194345785258859
-0.0101606826594143
0.0267681303440047
-0.0176630473446403
0.0109174101625532
-0.0175040504070256
0.0302838086066247
0.00840428066297687
0.00807068438831379
0.0146115433199436
-0.00941195929581074
-0.0040477697887522
0.00243006455920151
-0.0124169342972102
-0.0336719503299236
0.0327372294090555
-0.018926989740684
0.0371743269354441
-0.00373298684219689
0.0249640212176414
0.0193123665560102
0.0167715085592438
0.00456594865614073
0.00325031609365054
-0.0250028107446384
0.0186845513131529
-0.0371770269770197
0.0369537460953609
-0.000348810987757689
-0.00897315173642005
0.0048366820069345
0.0208631460148754
-0.00245359164811029
-0.00714104649200766
0.00436557915541219
0.00126535006404309
-0.0287338391251293
0.0137416101616218
0.0124115351682293
0.00172381791892389
0.0292125970279684
-0.0233408687741618
-0.0192931917681061
-0.00494231512109881
0.00563526639228483
-0.0161350190285163
-0.00120408196744803
0.00192476782078104
-0.0275884618218364
-0.0298477966047955
0.00672304364956828
-0.0210124445943517
-0.00531920417227729
-0.00967391596148032
-0.0108280713595319
0.0162829070131579
-0.0106153003657232
0.0068719369595208
-0.0209236092169199
-0.0170673113667189
-0.0168591696228903
-0.00741509917127611
-0.0202521924229519
-0.000387259731703716
0.00690107708031532
0.012844376317681
-0.0145402198045759
0.0275056728981459
0.0136667836348131
-0.000303224917398278
0.00264245609428949
0.0212645327660564
-0.00157786712561897
-0.00618942230049854
-0.00741755762190015
0.0182384931012908
0.00575846467287502
-0.0087146740916438
0.00141132146311576
-0.00712219677088471
0.0235403158260365
-0.0135142311830475
-0.00131183794571621
-0.00519459425609635
-0.00168554331152456
0.01194755674933
0.0164259248129767
0.00273687145428043
-0.0189899004003422
-0.0156272393380688
-0.0262640543819268
-0.0031265721897724
0.00640118351718594
-0.000985049719836093
-0.00603151485181241
-0.00507179499432177
0.0134760362815527
-0.0109692590734889
-0.00396001937631555
-0.00530124873038832
0.00877857399256465
0.00838367603542378
-0.0250607179978398
-0.00448499065794026
-0.00887914923274832
0.00872773568345916
0.0231307756882935
0.0125973256937165
-0.0132389135004967
-0.0111344907180792
-0.00107035380339958
0.00409213881696019
0.00776654055783845
-0.00639743257654612
-0.000867326614570911
-0.0107338814403542
0.0120355748523901
0.00188744924235612
0.00470619298294291
-0.00540924316461301
-0.0485291948065626
-0.00382944926403135
0.0142329916628483
-0.0136764785423047
-0.00119402967829152
-0.00966948473643601
-0.00599073397950298
-0.00683304195113529
0.00362187560827696
-0.0066495340018187
0.0124300994158529
-0.0343607961740212
0.000234217753318256
0.0344966622748164
-0.00356879788446628
0.00206677231104806
-0.0231529991847277
0.0252676406263325
-0.0103610824582683
0.00263547637740841
-0.0317756370250295
0.00489185840734034
-0.0262119792747188
0.0128407186004644
-0.00372444002942211
0.00740013925307568
0.00308122195568853
-0.0136281763648352
0.0461602478710377
-0.00652873737704812
0.00967738389108861
0.00190085491917539
0.00477611745075822
-0.0061723526877782
0.0130484417937161
0.00982864022970307
0.0230186578619555
-0.0479514917783148
0.0254142250337995
0.0361855305063524
-0.0119803969050754
-0.03020907938247
-0.00153809163400208
0.0172287802440796
-0.0256438939384571
0.00914365836043449
0.00914295620660574
0.0144713454337491
0.00831936486588204
-0.0160543564759727
0.0140395039756581
0.0329971159831456
-0.0249364252000317
0.0035079054590779
-0.0146558320032072
-0.00667784959545745
-0.00366141608987802
0.0357628720761655
-0.0195937963162564
0.00565219735902646
-0.00273356957728435
-0.00128137109895815
0.00167571761853524
0.0225942639236331
0.0280875126472582
-0.00558705713816349
-0.00155441594123668
-0.0197007980694615
-0.00552899734165541
0.00126770043947295
-1.42477277991316E-05
0.0157480163121276
-0.00786328545518158
0.0189940647518142
-0.00407408424700093
-0.00420376480821347
-0.0295047742181567
0.0143852648241389
-0.0108075708140006
-0.00207234397154265
-0.00879635869441511
-0.0253423056200035
0.0361230236321517
0.00129897540525973
0.00945285191694138
-0.00635668824564344
-0.0285902901660452
0.0152983170545798
-0.00396710128256665
0.0372382090816183
0.00786407640131999
-0.00032421721206726
-0.0265583241743934
0.0356044611446915
0.0161033151590182
-0.00518253039499498
-0.0239154264966949
0.00640360805967225
-0.00481206484767842
-0.00578989032499648
0.00352519174676163
-0.0113014704576133
0.0303541490166683
-0.00145352202925903
-0.0542550011883972
0.0166738591540426
0.00485987090564893
-0.00374460103660237
0.0162123016897435
0.0116128579353935
0.0116565051847695
0.0082240232094439
-0.0270045673027311
0.00015499065329626
-0.0031577713557491
-0.0199982827098439
-0.0189481989459836
0.00336912033105335
-0.0326933844095733
0.00277704410788742
0.00163039677378855
0.00675317342986839
0.0120779700870762
-0.00721291896031511
-0.0127929377822563
-0.00498471080592994
-0.00639990516971005
0.0116493087842497
-0.00432250922526092
0.0130049670926041
-0.0240215360167791
0.0104334515404597
-0.012197426464236
-0.0102693011510962
0.00890316543617681
-0.00441894066046491
0.0252009774929678
0.00331752263513242
0.00872422637539823
-0.0057151722422212
0.0138404210859142
0.0192079675624483
-0.0144487425620184
-0.00376979503499809
-0.00270981024231944
0.00572626451410531
0.0250976230733516
0.0265121347278374
-0.0269020655953633
-0.00970149077828779
0.0209937839361224
-0.0131598049220489
-0.0150554911388548
0.00936324641913676
0.0166783017876606
-0.015404318585079
-0.00817921841344462
0.0152014577923754
-0.00191235065645132
0.0100107743423265
0.0262317753480036
-0.00911060981543385
0.0258083227809918
0.0154150478326884
-0.0372319984002386
0.014753954059792
-0.0230303919797363
0.0232197290200752
-0.0021942815287438
-0.00431455834430894
-0.00244173196434995
0.014937664156661
-0.0139337672356048
0.00102055584490361
-0.00133498964392868
-0.00598795171829671
0.0123140838430027
0.00510652844853813
-0.0236653579609286
0.0242230576022875
-0.0177498261119446
-0.00357778946701931
0.0261788616667565
0.00795069685382282
-0.0220402093048514
-0.0152881661340193
0.0201689639541594
-0.0273813636098105
-0.00521526421589874
0.0126235203540497
-0.0269858530152657
0.017490682308297
-0.00170802763745149
-0.000652648383787874
-0.00561366375148244
0.024209308350726
0.00123931796731244
0.0148069943344993
-0.0122906638239718
0.0340489240558817
-0.0186397864373291
0.011988816653406
-0.0137961220833225
-0.0182638265691609
0.000742292763802817
0.00887309422757651
-0.00105693396835863
-0.0117803919886992
0.00374101100753457
0.0201330612277264
-0.011844114704595
0.0131413716604216
0.00651963158085978
0.0115175330188525
0.00961107927669298
0.0180286728839981
-0.0019684166225907
0.00737112883724312
0.0263037779008436
-0.0248026910805692
-0.0023527034874796
0.00419650213919381
-0.00162210058525013
0.0317358115095283
-0.0118789810943475
-0.0389157087901238
0.0117163205478858
0.00743885823912778
-0.00652104575259439
0.0105471058282427
-0.00233301521963581
0.00928553896533609
-0.0147598652856659
-0.00679374181437447
0.0116585064756
0.00363593723435828
-0.0165000307462055
0.0187156908870861
-0.0190150147066549
-0.00858589959814105
0.000153850504689584
-0.0185586073024854
0.00907623320888269
0.005790175639147
-0.00391872541152097
-0.022056463259681
0.000315693551003866
-0.0140326007923398
-0.0234816815594051
0.00266974540147882
0.0107215940525422
-0.0164767646758539
-0.000238043424880756
0.00367127639341549
-0.00892763256716399
-0.00850270654029011
-0.017642725679864
-0.00440482496276607
0.00478260636850649
0.0200848471203394
-0.00458720185672859
-0.00502855478061315
0.0163168346647469
-0.0139483810818624
-0.00529278772883095
0.011072455988012
0.0178534587625757
-0.00258827468669606
-0.0261530992199184
0.0351920448831807
-0.007767737865298
-0.0275407135679654
0.0104673960222338
0.00783091089856452
-0.0101162302476316
0.0245800535996186
0.0183702338101196
0.0059635502364581
-0.0202765454293296
-0.0136262214728197
-0.00945265993724699
-0.00649232765670598
0.0306830737943928
0.0111951871339175
0.0263605135197265
-0.0050555911015808
-0.00456765428093389
-0.0171684371617924
-0.00350944407152522
0.0240867568103499
0.0114798417751815
0.0156690405213646
-0.00640261158036705
0.00607246441308525
-0.0180211561111369
-0.00291635818819144
-0.00848909648105515
0.0199615778804729
-0.00543603733650061
-0.0288038772667901
0.00181600485841075
0.00670293691167862
-0.0106118095867778
-0.0219073880383575
0.0230184975638497
-0.00822501593555342
-0.00685967779923997
-0.00118584428103456
0.0186490526701241
0.00971223610066851
-0.0207956625118876
0.00960535069048835
0.0170779888628293
0.01326704360971
0.0112079228679111
0.0224618967957152
-0.0287766076642654
0.00680372423381799
-0.0258665467245102
0.0245480401560674
-0.00833916609067771
-0.000198169067678855
-0.0122788537690799
-0.00945629972326161
-0.00672637756601167
0.0197140221398588
-0.00101574115538458
-0.0202652549949716
0.00131084070543447
-0.00734537340453386
0.0232254143380215
-0.000355150831914709
0.00181199351167239
-0.0135564020740003
0.0131515746261019
-0.0204769779685254
-0.0136725387995766
-0.0224904037911767
0.000950483498779956
0.00635490552885112
-0.0281381974127818
-0.00705062421397392
0.00509916824668467
-0.0043055070348562
-0.00373739011569465
0.00874453338110146
-0.00790462134871107
0.0355305143948943
-0.0410868055851634
0.0183948569464206
0.0149361887018648
0.00914795340852487
-0.0161138405062456
-0.00336557162229983
-0.0158186041909563
0.00194202107829732
0.00238341153405218
-0.0220357502521097
-0.00788244824542199
-0.00637723188323573
-0.00340525839675807
0.00628718252946185
0.0247541146425261
-0.00372481719197176
-0.00818190986755291
0.00599089119471007
-0.0274917180332373
0.0142853954348026
0.0141209352997828
0.0114221953374644
0.0128585779755369
0.000885014585900457
0.00417701509173157
0.0133615199240689
0.0266223802150313
-0.00381585658976429
0.00020692132813141
0.00136079601818757
-0.00354088051979927
-0.015963840940507
0.00911751519166378
0.0324809727457275
-0.00253192282426903
-0.00632790160291163
-0.00500751782176629
0.00830851783737064
0.00790921115901306
-0.00856940784806199
0.00458452071066957
-0.00863412570527945
0.00458720888428342
0.0139146085181166
-0.000861709275776828
0.00393414264113586
5.79153850193307E-05
0.0138030224167973
-0.00656913611661952
0.000336517782902191
-0.0152816628245943
0.0113386772623389
-0.00843653920798672
-0.0125777365989743
-0.00848355508055681
0.00903407572359558
-0.00306920249111393
0.0106364935994885
0.0130367678669089
-0.0116619584914373
-0.00642563007363085
-0.00449526688623255
0.00336040967635199
0.00424479035631468
-0.0180840718424921
-0.0351820106203293
-0.00393379834274246
-0.00780969123759637
0.00554013235354451
-0.0204253965348324
-0.0184248221747922
0.0117124223371151
-0.0019195234825709
-0.00798527727858325
0.0135773268111589
0.00125292157366565
-0.0292167593785929
-0.0142633385557627
-0.0279256183687275
0.0156092373009098
0.0235591666297696
-0.0120871829073635
0.0143868696273043
-0.0123838933178959
-0.0186321262850693
-0.000157191656631049
-0.0119271689819229
-0.0327556654973502
-0.0131010094591995
0.00734852463631509
-0.00676936934173714
-0.00546743637407703
-0.00292494048696579
-0.00895003088697402
-0.00550266616043184
-0.000609953754099434
0.00037425376822025
-0.00306594640945604
-0.00714604334900286
0.00566771476959064
0.013334664111471
-0.0199092409155397
0.00460476905572256
-0.0138543693449055
-0.0131753813076544
-0.00927367740747777
0.0256643521890401
0.00810434236852325
-0.00496226742059768
0.0056357029901059
0.0147939160252643
-0.00856920907948533
0.00981278917270114
0.0158928495477282
-0.00173162035171743
-0.00745513089054097
0.0109425437205477
0.00524120138928527
0.0138714228400152
0.0266046024587961
-0.0177484709920077
0.00907047218105675
-0.0202335564862042
-0.0187330660824588
0.00558953514466829
0.00201776852004359
-0.016995510928291
-0.00370500120055361
0.00191835828621023
-0.0126816745326233
0.0176947507553045
-0.00346429246987446
0.00781828193034091
0.00102903198317576
0.0240603987525113
-0.0168471199058958
0.0348313442033193
-0.000544687532682841
0.00868539257369535
0.0122757053364013
0.00718993289832629
-0.00345683191287678
-0.0110357566224365
0.0275782969259964
-0.00754905881256649
0.00891939673077634
-0.00138152874022363
-0.01991343749395
-0.042791853628857
0.0226514220513473
0.00105954887692075
0.00455728437870573
-0.0219343619069279
0.0297879916430782
-0.00282184191976215
-0.00883007309007687
0.023246945009914
0.000700695813613372
-0.0158033039629163
0.0149321729712877
-0.00132055556842605
-0.0378358476243584
-0.00763611551676111
-0.00796926620987539
-0.00814453291656109
0.00767522621220518
0.0246248247591583
0.0285313376740497
-0.00312741627851603
-0.0286628494667201
0.019344543276964
-0.00125502230879949
-0.0149236525486884
0.000499957747483999
0.0319423431028783
0.00516877812222449
0.00558403853377952
-0.0323996272757046
0.00696870393763542
0.022513757197951
-0.0006198856042435
-0.0244850211429393
-0.0122511894194325
0.0116973504669267
-7.32686003507368E-05
-0.00823922306769455
-0.0150416649532147
-0.0114211084109599
0.0108726106560791
0.0326239102682002
0.00972720116899303
-0.00194682340652673
-0.00464845306084086
0.00293353313431403
0.0140887075306812
-0.0158718332581367
0.0183850144087446
0.00735158190825642
-0.000493086501684975
0.022316519596275
-0.0227835600119351
-0.00646998577262176
0.0230686713230952
-0.0214068958702377
0.0094798245611187
0.0433008307777693
-0.0170079280598404
-0.0246871729940307
0.00995304591543791
-0.0239806779483655
0.025282062992652
-0.00238304414796162
-0.00893715172555202
0.0266793810826128
0.00591914089186288
0.0148203662550428
0.00326885008892508
0.0225952121517128
-0.0198174908816874
-0.000761671626510324
-0.0291974814098989
-0.00511599963139203
0.00612905869509085
-0.0153709895112674
0.00786161452925131
-0.0278882980394389
0.00730400422396213
-0.00274306514208282
0.00162219981248239
-0.0196371041170024
-0.00360045725519127
0.0112344990194839
-0.0317773966660118
0.000455314363193036
0.00606085336278729
-0.0105216701128876
0.00875241137458781
-0.0213484584183323
-0.0202289020009708
-0.000507394109126641
0.0129705169848628
-0.0155380917929413
0.00191439888083511
0.00480299268866741
0.0275338067889095
0.0474958860464447
0.0040607975845944
-0.00435406702859507
-0.00990921224772027
-0.0126301298474222
0.020010782077842
0.00165313197210009
-0.0139173773941165
-0.00651783840942113
-0.00539869872071878
-0.049554126956077
0.0193661016461047
0.0148483197451321
-0.0376068959861261
-0.00435619367574269
-0.000768783912352662
-0.00262407444173414
0.0100888801947426
-0.0427915246939084
-0.00824783802661083
-0.00249585804475073
0.0395297403198864
0.00604558877531338
0.00641526047022106
-0.0018775276725392
-0.0112250699515328
0.00342145790369833
-0.021772133741044
0.00908705483601769
0.0154440067016875
0.00739561127549881
0.00684543554146721
-0.00306406660276351
-0.00236170203001556
0.00351277241786176
-0.0176962860394989
-0.036867191339647
