1
-0.0358871287502635
-0.0172258550875296
0.0034193902884761
-0.00229891949294714
-0.00298261268833094
0.00666345923574808
0.00719900931930522
0.0150334494379386
0.00884548822438161
-0.0211933520927739
0.00333050324263743
-0.0109266672058134
-0.00182761623189172
0.00624471976561218
0.00588487527438795
0.0384788975990875
-0.00242950915813398
-0.00802858081716664
-0.041653972008953
0.00982068146062837
-0.0025543171019789
-0.000748346869973318
-0.0042403903747976
-0.0366071693858737
0.0144535979838962
0.0188512809875226
-0.0482367999719901
-0.00525518188487457
-0.00634457081412561
-0.0135474034299855
0.00160918577651817
0.0194788234939043
-0.0122943755544391
-0.0096457897340609
-0.00423832026158261
0.0039528469745505
0.0462332745110309
0.026801859141243
0.00467531186243146
0.00186350727081309
-0.0151250334089604
0.0126257139770959
-0.000493905748165071
-0.0196911450047079
-0.020780939584471
0.0085197407901622
-0.0102419662656247
0.00589973407420673
0.000443210469254803
-0.0309326391315027
0.0109358456152138
-0.00350474414735023
-0.0191150792377107
0.00157907590499312
-0.00267014460139855
0.0071098375127891
-0.0271469267389179
0.00765262452995109
-0.0149623733071466
0.00596612626338337
-0.00497999795445832
-0.0284213073051118
-0.000741423654277767
-0.0192906706731812
0.0219945501179531
0.0031819522926448
0.0144263875981467
0.00576178883062334
0.0259701471443373
-0.00869957007792489
-0.00231969426061196
0.0246099747965845
-0.023343185248997
0.00968845814518249
-0.024030899114467
-0.016555796139597
0.0421497389046848
0.00922781671705269
-0.0208378235586541
0.022455423041113
-0.00629799027258023
-0.0221778910143985
0.0217232662133402
-0.000479978488406168
0.00715615041105631
0.0178962745787617
-0.0154499028252506
0.0137141789950957
0.0028555492691161
-0.00452488045392693
-0.00189506983595242
0.00946861716465947
0.031756649356494
0.0105835775465377
-0.011117494257667
-0.0146418033807159
-0.0080201948748539
-7.13208573420577E-05
0.0113863928059016
-0.0119255087264059
-0.0238341211868949
-0.00060340681461129
0.0219152605299271
0.00678345071444179
-0.0315383286128814
0.00543559469887451
0.00503137340311403
0.0310932006986204
0.00048666707177
-0.0145269281704959
-0.00122165930041719
0.0188302957173981
-0.027900887802522
-0.00304427830177768
0.027772872066464
0.0239702083199987
0.00747119108497403
-0.00792802192862096
-0.00775741444158681
-0.00743312009253033
-0.0368300346658222
-0.0012854504502224
0.014535222089607
-0.015383195285257
0.000682068797871014
0.0226289575719294
-0.0085953379778363
-0.00274682720889812
0.0289961196517109
-0.0213512676503317
0.00443613536337654
0.00103138225564691
0.0220492657562192
-0.0416542921996271
-0.0193840666792859
-0.00134480273573966
0.00868228707479063
-0.00734837766875242
0.0268451665704162
-0.0107423865061304
-0.00336493688338061
0.00699879861340319
0.0119493729220965
0.00845450359012278
-0.000530207778346051
0.0339054017555445
-0.016399262844952
0.0234207867873431
0.00100167661073366
0.00761044386742504
-0.00337219911193115
0.0172243606167128
-0.0123445499964562
0.0018673614209479
-0.00360650893850872
-0.0165437091000794
0.0019641289731003
0.00544094519006977
-0.0182350737867418
-0.0196956757569776
0.00882934639605189
-0.0172766527762458
0.0258973564053858
0.013502670513271
0.00510187139916639
0.0106516515385422
-0.00725694668883536
-0.00168558765261384
0.0154703604262507
0.009551929931294
-0.00834140867120262
0.0144006405106402
0.00548588572806944
-0.00483035249893631
0.0078888997899505
0.0249821013707036
-0.00902714969644744
-0.0128251322691113
-0.0134860703614177
0.00448235772683433
-0.0193799816610285
0.0129801807629227
0.00551704651928109
-0.00695607580620989
-0.00298444252299829
0.000364304756542368
-0.00059373898877763
-0.00535638549597812
-0.00871210686489867
-0.00284718504524959
-0.00532209224409701
-0.00658941514928358
0.00715317441240287
-0.012752737491969
-0.0318849020576142
-0.0116101019179107
-0.000153012936841746
-0.0181368173323357
-0.0120546848777961
0.0140044148704405
-0.0117658620975028
0.0229328792177948
0.0151942876133544
-0.0271832549595801
-0.0138841676992298
-0.0284400727960382
0.00121961441038138
0.0132163926149827
-0.00777299987848257
-0.00186849564219707
0.0114010640115537
-0.0179350241111643
-0.0198824160068964
0.00539285570287913
-0.00760208154620189
-0.00382922382947455
-0.0342467461975361
-0.0176033321486742
0.0041319485564153
0.00327107789681789
-0.00437576651898452
-0.00625481370765475
-0.0113519416764567
0.0126902036723347
0.0103537373308311
-0.00298761204629074
0.00879391748737998
-0.00825803166373805
-0.0122433751070393
-0.00821226564221816
0.0110372544255533
-0.0148754212451915
0.000327571929483507
-0.00639450484370387
0.0134360884193984
5.63757857131298E-05
0.00382955897517785
-0.000838801942903743
0.0135447081606717
0.00446526436793126
-0.00840459957952118
0.00446264765564384
-0.00834160215579536
0.00769895587004705
0.00808764754023806
-0.00487439998163652
-0.00615968321130215
-0.00246461520605609
0.0316175116276401
0.008875138834182
-0.0155394646123912
-0.00344675117593466
0.00132462116404908
0.000201420614752448
-0.00371441739263027
0.0259146615648981
0.0130063226513979
0.00406597500221179
0.000861487714034654
0.0125167507093806
0.0111185522897544
0.0137455500341431
0.0139056382270669
-0.0267608892561267
0.00583163175227219
-0.0079644052657778
-0.00362579814957952
0.0240960612130975
0.00612004659732685
-0.00331473437687542
-0.00620770211529103
-0.00767290441098883
-0.0214499607285159
0.00232005188025839
0.00189039517088551
-0.0153980887781874
-0.00327610261967038
-0.0156854766499927
0.00890476789372604
0.0145391310676173
0.0179058554663739
-0.0399945704674861
0.0345859854878999
-0.00769448807341645
0.00851207222208669
-0.00363803683975401
-0.00419105116719011
0.00496361400851375
-0.00686319325509619
-0.0273901828878105
0.00618596927573342
0.000925216227660794
-0.0218925279407276
-0.0133090735261873
-0.0199326262204984
0.012801958454808
-0.0131960241326223
0.00176382420480455
-0.000345709645013798
0.0226079992627607
-0.00715010695170009
0.00127599384324197
-0.0197265316053346
-0.000988739100963917
0.0191899525027781
-0.00654756624963591
-0.00920491725402531
-0.0119524376581069
-0.000192901020872274
-0.00811748105270361
0.0238954649279195
-0.0251789208479501
0.0066228567647283
-0.0280116218978887
0.02186477876377
0.0109099759533675
0.0129143578573887
0.0166239944743723
0.00935000591027632
-0.0202428389821106
0.00945404992169346
0.0181532937531769
-0.00115432027352418
-0.00667732288306741
-0.0080063654194006
0.0224065830809072
-0.0213250108442366
-0.0103297095079883
0.00652474873223176
0.00176772891551423
-0.0280381665762657
-0.00529152790590926
0.0194309273211319
-0.00826342575387388
-0.00283883089485474
-0.0175420889438213
0.00591103646101268
-0.00623240712875959
0.0152525010490449
0.0111746662777522
0.0234464441531711
-0.00341615042156015
-0.0167120383321273
-0.00444622959629386
-0.00492119530071187
0.0256597562285183
0.0108975787810051
0.0298674072990491
-0.00631973822900211
-0.00920137422661848
-0.0132639874806196
-0.0197375218993258
0.00580501761505996
0.0178818869016269
0.0239266273389605
-0.00984730445070944
0.00762273711223581
0.010189134975572
-0.0268085823132619
-0.00756124344548224
0.034256513713579
-0.02545785574705
-0.00251946903323277
0.0173788495941392
0.0107781102705291
-0.00515208638820571
-0.0135775829281636
0.0158830744934132
-0.00489487770242886
-0.00446525752719415
0.0195509196210953
0.00465546748400781
-0.00428772886724259
-0.0171737185549574
-0.00827667400876705
-0.00869030397301552
0.00357368065808203
-0.00023171537419672
-0.0160387529894168
0.0104365755076618
0.00259877396329516
-0.0228574539793821
-0.0136595637757244
0.000307301280592004
-0.0214701231098232
-0.00381455159099541
0.00563625193832564
0.00883495427503074
-0.0180652527488211
0.00014976060473991
-0.00835765549582201
-0.0185095272020906
0.018218160486576
-0.01606140056391
0.00353928094101846
0.0113485814276202
-0.00661313971390909
-0.0143674949622107
0.0090386959314215
-0.00227099528119882
0.0102667258081512
-0.00634769289457772
0.00724110662304367
0.0114048585938567
-0.0378811892365953
-0.0115631950377611
0.0308921594580966
-0.00157897931557773
0.00408494401384055
-0.00229016016404738
-0.0241433463146455
0.0256045288465131
0.00717517771234309
-0.0019160890266437
0.0175494058938155
0.00935558221004887
0.011211355552558
0.00634631631661582
0.0127920267206645
-0.0115292555220932
0.0195978520240395
0.00364156147526128
-0.0114672267852522
-0.00102883686076248
0.00863721545871649
0.000722559951463806
-0.0177783083479729
-0.0134293715216139
0.0116701107724851
-0.0181442738501882
0.0331437811506764
-0.0119639337592487
0.0144133711513617
0.00120637243682912
0.0235657378326789
-0.00546443237170301
-0.000635298641598961
-0.00166262211757672
0.0170257170432398
-0.0262684719503723
0.0122879417651807
-0.00507662372916721
-0.0266534684503161
0.0196328003268304
-0.0148817516732541
-0.0214543012435927
0.00773933872582835
0.0254829333353611
-0.00348267895054377
-0.0172779718722193
0.0235791215796659
-0.0230362476013083
0.00497077854972081
0.0119867311899113
-0.00582877041771779
-0.0012995008160661
0.000993425798712879
-0.0135633575705184
0.0145405672995166
-0.00237682194368918
-0.00419986186027214
-0.00213594963095738
0.0226024650810204
-0.0224181613004249
0.0143617408779884
-0.0362422379266539
0.0150052603998679
0.0251222447063329
-0.00886841702769697
0.0255344403805837
0.00974465194278463
-0.00186151349560267
0.0147973483512969
-0.00796178536020324
-0.0149948163742624
0.0162349325196862
0.0091143376415183
-0.0146552620165967
-0.0128099699598771
0.020435693626073
-0.00944359024864192
-0.0261869119015477
0.0258073467994034
0.024430437953931
0.00557403980093181
-0.00263777373651791
-0.0036695803197135
-0.0140646429999387
0.0186973506767566
0.0134724928973345
-0.005563242401543
0.00849230504965714
0.00322933094745616
0.0245310448412175
-0.00430146931891006
0.00866648726639972
-0.00999630617882992
-0.011873174983991
0.0101560928602515
-0.02338295716295
0.0126592482770262
-0.00420760137820214
0.0113396282439982
-0.00622977266423514
-0.00485219925833783
-0.0124528554686026
-0.00702117362316328
0.0117568941871254
0.00657364978302318
0.00158705496157615
0.00270322028404
-0.0318242766252301
0.00327955699097744
-0.0184444876447329
-0.0194666564040788
-0.00307382643184413
0.00015087044409451
-0.0262866887447453
0.0080053990835228
0.0113466333383004
0.0113041463898502
0.0157813203809821
-0.00364505606844001
0.00473067805176492
0.0162306079872538
-0.0528127080540536
-0.0014148821841296
0.029547226525347
-0.0110010367115629
0.00343147946693065
-0.00563597420885176
-0.00468414285081548
0.00623337711805966
-0.0232796684156784
-0.00504476009099528
0.0156752311043635
0.0346579664670363
-0.025852308364286
-0.000315598352077256
0.00765502095660267
0.0362482835057774
-0.00386164145733827
0.0148916327458243
-0.0278302573891184
-0.00618770460149941
0.00920156110280188
0.0012644439654358
0.0351627436978566
-0.0246686159581556
-0.00856251983211145
-0.00201725361274285
-0.010520266697467
0.0140028527287171
-0.0287204311649247
-0.00409201361498745
-0.00396578042966652
0.018489134172425
-0.00765425103665841
0.0153293773791443
-1.38689719327111E-05
0.00123400040076301
-0.0053820166996684
-0.0191770799757505
-0.00151309397292314
-0.00543853305789335
0.0273408455057119
0.0219936270971874
0.00163117101521068
-0.00124730764493376
-0.00266090146287629
0.00550194161731943
-0.0190729227141246
0.034812166266009
-0.0035640824768887
-0.00650032832713665
-0.0142662272586986
0.00341465271096741
-0.024273525300054
0.0321199339207883
0.0136662834475935
-0.0156275739192606
0.00809820621570529
0.0140866450060164
0.00889990353541327
0.00890058702346696
-0.0249621869740274
0.0167707772781803
-0.00149720362450763
-0.0294060133639681
-0.0116619148513584
0.0352235889144489
0.0247386234951757
-0.0466767686033352
0.0224067391177125
0.00956735961017072
0.0127015672641661
-0.00600826934597866
0.00464915106503965
0.00185032335638378
0.00942012420923808
-0.00635518004797994
0.0449331424037865
-0.0132658904045719
0.00299931199025242
0.00720341692694691
-0.0036254310133674
0.0124993661007533
-0.0255151705581507
0.00476181521057423
-0.0309309262681086
0.00256541593318018
-0.0100856476086397
0.0245959358286519
-0.022537509164782
0.00201183006703034
-0.00347392639660561
0.0335796168768452
0.000227991402748558
-0.0334473625858385
0.0120996626514256
-0.00647276546385287
0.00352559312355034
-0.00665139511163779
-0.00583147871641097
-0.00941243504253635
-0.00116228807347201
-0.013312908536379
0.0138546275359134
-0.00372764872471054
-0.0472391142065883
-0.00526544601951251
0.00458108544115842
0.00183727405068633
0.01171562597031
-0.0104485362524973
-0.000844269952622151
-0.00622736580149363
0.00756007796676278
0.00398335504419812
-0.00104189994830517
-0.0108384958942779
-0.0128869755476867
0.0122624434531642
0.0225158764488405
0.00849572106768373
-0.00864310950006566
-0.0043657634698129
-0.0243945139481062
0.00816080776297702
0.0085452079116233
-0.00516032246590005
-0.00385474781363521
-0.0106776567012838
0.0131177947520842
-0.00493696843568419
-0.00587117548640989
-0.000958863554196301
0.00623101702863582
-0.00304345665194989
-0.0255658613216494
-0.0152118110915966
-0.0184850805243978
0.00266411556410206
0.0159892646330103
0.0116299477051075
-0.00164073550592874
-0.00505650325126431
-0.00127696457328906
-0.0131549742956767
0.0229145295362476
-0.00693286315593515
0.00137380346086682
-0.00848300669997288
0.00560538396362926
0.0177536483348254
-0.00722037225285901
-0.00602488518697855
-0.00153592174045007
0.0206992449779867
0.00257221010407443
-0.00029516410812826
0.0133034713544096
0.0267744731505183
-0.0141536884482653
0.0125029265826862
0.00671762162230226
-0.000376964974722597
-0.0197138162834767
-0.00721797915669771
-0.0164109922371154
-0.0166136008245249
-0.0203673844033868
0.00668925615076101
-0.01033310748947
0.015850048760871
-0.0105402222647396
-0.00941674846967603
-0.0051778005875422
-0.0204538582168679
0.00654432096068665
-0.0290543347823747
-0.0268550612467527
0.00187360056702911
-0.00117207313661586
-0.0157060921709438
0.00548546073658931
-0.004810930603344
-0.018780309316402
-0.0227203845045975
0.028436021095669
0.00167799263655613
0.0120815919082956
0.0133763087229191
-0.0279699903003988
0.00123171250676847
0.00424952635464972
-0.0069512117836517
-0.00238836635438548
0.0203085285307918
0.00470810559740901
-0.00873461307898054
-0.00033953833672453
0.0359713825691572
-0.0361887278416448
0.0181878487145543
-0.0243381460780382
0.00316391099764768
0.00444456931314432
0.0163256615199342
0.0187989743694552
0.0243003877162285
-0.0036337506211083
0.0361860995768887
-0.0184238422564182
0.0318669560668772
-0.0327768287426588
-0.0120868475090029
0.0023654647001475
-0.00394016550439419
-0.0091617555546675
0.0142231159279814
0.00785613655995228
0.00818086464539687
0.0294787560164784
-0.0170387297698074
0.0106271861209467
-0.0171934999967691
0.0260565371310526
-0.00989057515745277
-0.0189179375054681
0.00394070435930041
0.00190467870438027
0.000766852023488724
-0.00581241551962284
-0.00532802818859647
0.00311602794209776
0.0086224889391764
0.00124286988407645
0.00745931289304398
-0.0184981406320808
0.00600820205546075
-0.00133935915577722
-0.00783247546475282
-0.0116545308487005
-0.0159574277600937
0.0131913611181589
0.0285312946577169
0.008886861432591
-0.0173545295362398
0.0119933336393888
0.000314994768899181
0.0179768559770594
-0.0026192341500769
0.00998685851888522
-0.0336110603134663
-9.08918833361763E-05
0.0148763516674202
-0.000940768794924976
0.00613619429989643
0.00723311339016835
0.0186996036213187
0.00853072019786616
-0.00688747078118201
0.0118454162461991
0.0169959474434684
-0.0191385696296599
0.00800796725488761
-0.025449789159485
-0.0103256307242156
0.00270546718510827
-0.0167601605789704
-0.000565321907048263
0.00746104372893041
0.00462490245909606
-0.00430940145094908
-0.000558906530659921
0.0101763605940757
-0.000682593505310136
0.0174228190691223
-0.000307600959160293
-0.039068407043927
0.00663670035888404
-0.0154542654748426
-0.0267010897371872
0.0171139440369312
-0.019838903663389
-0.0239353509302802
0.00156611597863471
0.0113414512884598
0.0204028134787396
-0.000230075657519458
0.000628432548611629
0.00217187887773552
-0.016474846563706
0.0218899491680321
0.0223181291055504
-0.011132891678457
-0.00930082552923199
-0.0222698709656379
0.0129955191452802
0.00172422625472246
0.0188467489207327
-0.0194743185258915
-0.0141174078801806
0.00533284230791525
0.00266546822841072
0.00252183893255832
0.0135658334667413
0.0177364845175049
-0.0142673223523179
0.0191474854431374
-0.000378646171822878
-0.0059299702009973
-0.00556624606003434
0.0109987937133967
-0.00462998249909068
0.00546164255919977
0.00991998538288986
-0.0301712449893252
-0.00863720534068447
0.0162066492065748
0.0187932489525146
0.00524438482861726
-0.0293181959136193
-0.0349224351194515
0.0165568427868821
0.0229858682809547
0.0283800199154165
-0.0315745058371996
0.00314899211850295
0.022498556866983
0.0102392527903399
-0.0346995035080359
0.0119884487899165
-0.00916533624814948
0.00180837585936393
-0.0080384381470519
0.0187577384192093
-0.0349905869742736
0.00766204299202806
0.0167743472376212
-0.0173635482820277
-0.00625929834427327
-0.0176676873706936
0.0113316730798988
-0.0180022552590146
-0.0150672595439699
0.00911388071634436
0.00522231724958815
-0.000298293698767844
0.00275991558506942
-0.0333964609300937
-0.0173738959837897
-0.00616533128115965
-0.0101376423714091
-0.0100708807439367
0.00750870918599962
-0.00326070468860931
-0.00675909587876587
-0.00473356096261521
-0.00262528477991237
0.040680930272798
0.0145217101055033
-4.65524371433548E-05
-0.0133770598949244
0.00985457617505139
-0.00353669184213321
0.0109486131313178
0.0168613774411148
-0.00140733588694881
-0.0122130312802727
0.00190023776928537
0.00151390225062035
-0.0144876460331914
0.00796855938758367
0.0346492772664421
-0.0187649931299783
0.0195869830400847
-0.0171790406354171
-0.0125266434947472
0.0157763585638416
0.023700422769278
0.0235051123819866
0.000742440564819307
0.0120222858583703
0.0204914168831794
0.0263469544711402
-0.0153817904680323
0.0187274215963729
-0.00118755571417874
-0.0026052447057485
-0.00822964344307164
0.0267861973597529
0.006025763558289
-0.000125315295917832
0.0108084194433076
-0.0109995876895365
-0.0153619102519731
0.00688573392985878
0.0133137461800306
0.0113075608767664
-0.0181325150067884
0.015123056548164
0.00218203414573816
0.0126144570871671
-0.0246895069338313
-0.0195797223736716
0.0107143448026396
-0.0163070882947053
-0.0251149018960998
0.0157926411091789
-0.000553641525082666
-0.0273170917232512
0.0111366550172271
-0.00215581504703618
-0.0222843936876126
0.00981253026151258
-0.000911547618714083
-0.00621567463564332
0.00833448126131276
-0.00849573306349202
-0.00199492115203752
-0.00680695845695827
0.00285886339163721
0.0134594029463335
-0.0337354545006826
-0.010927203035614
-0.00758288168991136
0.0164629315933944
0.000705350723888967
-0.0248412287148929
-0.027435589481498
0.00376516044445799
0.034240644139537
0.0119434266554228
-0.0100791485821353
-0.00409930003789709
-0.0128277310423162
0.0220444376339278
-0.00823260385217245
-0.0170633157008206
-0.00462935175960007
-0.00487834852279571
-0.00866960639832077
-0.0258838098492766
-0.00776657184886545
-0.0218235797171707
0.00998393260653144
0.0154608137323144
-0.0273452307533089
-0.00942063830056714
0.0110077630561406
-0.00339095824637522
0.026083048582309
-0.0210240437739943
0.000436360749656969
0.000654084304143105
-0.0193175458589884
0.0100018310106677
0.00981930249953458
0.0460101394940195
-0.0113028914195212
-0.00820368799095758
0.0175178437666218
-0.000944960503547661
-0.00220631612062296
0.0167831825119087
0.0108242792631098
-0.0137934004126063
0.0245635947063698
-0.00421450455040475
0.00035225012911409
-0.0145419447808453
0.00961772990771391
0.0138891306596843
-0.00617794811894983
0.017888780267804
0.00635673384047223
0.000605375544297845
0.0173601126040745
0.00640152162892491
-0.010831691655791
-0.0272473713774043
0.0118032141040783
-0.0085705688775461
-0.0126452901048308
-0.0107272360181431
-0.0106987238374122
-0.00734442647872397
-0.00949313353123902
-0.00530910116609882
0.0068638835283379
0.0106998343419013
0.0106162817720859
0.0181867600215722
0.00237691277127633
-0.00274226196403815
0.00670256139863977
-0.00880838476746049
-0.00444259793886344
-0.0144187519019358
-0.0015636821730713
0.00348151532530507
0.00854881521707869
-0.0150603466260217
-0.0119105454982196
-0.00703466318469085
-0.0185631383230406
0.0232528262532445
0.0185139415200396
0.0126272594467988
0.0052153065545207
-0.012577173588016
-0.00407943482245353
-0.00106044716317255
0.0212385000713045
-0.0256757879271787
0.0191158061688607
-0.00247945494995711
0.00881681514352454
0.00807631342672588
-0.00621216184126632
-0.00525277809777704
0.00368887282417981
-0.00107533535791405
0.00448645080037402
-0.0137420533652953
-0.0217328413121054
-0.0128167957407862
0.0211074590970517
0.0184781337821289
0.0147445035487694
0.0311606791014487
0.0118132951877525
-0.0222778404346484
-0.0148658097678852
0.0142940243163722
-0.0143322710402812
0.00933488029467337
-0.00217580202403574
-0.00226009351859353
-0.00897594686976731
-0.0202709743584555
0.021922855998352
0.0100045813283943
6.28452902106525E-05
0.0293869229498298
-0.00718749594252566
-0.0116048071232388
0.000750803498549189
0.0151549999945783
-0.0254134154797304
-0.0123175827590311
0.00395069606279052
-0.0137436528940235
0.0137523362915499
-0.00814089707074311
-0.0114633385270356
-0.00779139510842924
0.0209745104445289
-0.011027695383179
0.010219850284285
0.0217263424238435
0.00230843742474398
0.00550001056439382
-0.0330035096782012
-0.0315475830172708
0.0206384026791635
-0.0180547072999941
0.0235339719839915
0.00982188897894273
0.0128802172083586
-0.00810722695480303
-0.0227743561650839
-0.0155500704418708
0.00972089285836207
-0.0211339847273175
-0.00395540018514421
0.00809550057247885
0.0258058341334772
-0.00552750334084914
-0.0255136650627195
0.0142507642198391
0.0134257509077041
-0.0072528572625183
-0.00753734010277078
0.0102255815884215
-0.00169817439015446
-0.0249638511490084
0.000393679389038129
-0.0257778758519005
0.0168524007167183
0.0246783258931911
0.0195546171734183
-0.010717301469994
0.00151808780061859
0.00121899012744643
-0.000100663860649018
0.0107218019850587
-0.00189156025066885
0.00576373050618981
0.0145109241439667
-0.00064260430017902
-0.0248875890614578
-0.011495702029952
0.0151743022325059
0.0198105011335298
0.0143908595536122
-0.00508111637454632
0.0104231839236806
-0.00207901667634048
0.0124702065311932
0.00286194412708705
-0.0205362844703357
0.0228815709448423
-0.033642419110746
0.0025571266627762
0.0111950754945226
0.0203346136648791
-0.0111556480866499
0.00398181235638936
0.0187701156938665
-0.0232259047382706
0.0138766594345592
-0.0173296107471415
-0.000459742902327792
-0.000877991835775079
0.0232036423891426
-0.0205186679883989
0.000386321151228803
0.00592009240091774
-0.00202155356488827
-0.00924619086515468
-0.00387268836464521
0.0102497144873979
-4.41485907598359E-05
-0.00289888229933467
0.0121924551414124
0.00961988669538518
0.00549052327592785
-0.014405678360597
0.0221007882438181
-0.00117311717044211
0.0293777498030859
0.0061491363372936
-0.0104254217113154
0.0070042246769976
-0.0352948852437551
-2.4871561120255E-05
-0.00825233396780527
-0.00808198061124668
-0.0220605170159066
0.0186578226571215
-0.0168803446840855
0.00635470724454391
0.00414233383315793
-0.0163190291907362
0.00665000688988317
0.0135631001136382
-0.00511112106701623
0.0350537239026048
-0.000791550275802742
-0.0122549247181093
0.0204343720306972
-0.0292878173618022
0.0223960296224999
0.0251592630462773
-0.00635112360744359
-0.0013204581641453
-0.0022664583111101
-0.0114693118730111
0.00183747680263091
0.0124664873050937
-0.00955504696850808
0.0189924168157849
0.0266263143013332
-0.00209873804389698
0.0216765533378723
-0.0142304776260576
0.00829646698614417
-0.022652600810044
0.024048606931647
-0.000799640677363
0.00962660182183937
0.00939495220465081
0.0160064057914536
0.0126844492643632
0.00669754329690659
0.00103956380718101
-0.055371140632963
0.0200217238237449
-0.0133308886224585
-0.0158438777400616
-0.00700103358168133
0.0275481441376013
0.0203644950091186
0.00412301878860694
0.0194972940762122
-0.00413531359678541
-0.00740757202752717
-1.89420974912407E-05
-0.00264681115203392
0.0239450673946709
-0.00113430022780906
-0.011839398531723
-0.0171500340080974
-0.0148253320939714
-0.0105537346128404
0.0228620153725487
0.00453997222947979
0.0147409460466783
-0.00946760626764235
-0.00204064095680211
0.000533599510460485
-0.038188707154624
0.0190604739104699
-0.0101026049323965
9.48362223936719E-05
-0.00389126390723239
0.00090142705423469
-0.0104523977959494
-0.013496758928096
0.0223410379303328
0.0139503379763317
-0.0141783823159717
-0.00108679311644969
0.028283160824312
-0.0212563500024434
0.0166240891728455
0.0156877592461317
0.00864339181629402
0.00250330642210762
0.00954936600571309
0.018290774400281
0.000609294668682777
-0.000407510988355879
-0.000397475173638624
0.0137479691521685
-0.0132534465320169
0.0043833970383565
0.00828733766847592
-0.00396858779231274
-0.0333150541377224
0.0366391176685278
-0.011908967297798
-0.00780050165205318
0.0126609701454
-0.00836364016334777
0.0307891931095043
0.0182338149791907
-0.0134766645187753
-0.00913303049156271
-0.000941626945009238
0.00215890521201081
-0.0215185460393633
0.0141123851842436
0.00782862477919363
-0.00248526791909006
0.0176274708610244
-0.000808047973936034
-0.00500779481721523
0.00713789375566941
-0.0095789861138528
-0.0129969584456165
0.00303943483237073
-0.000635495338277123
-0.0229093266858756
-0.00879657063912758
0.0181657188508309
0.0333188235116025
-0.0293198978263703
0.0252384946517291
-0.027868931351716
0.00705374190978566
0.00880392691096327
0.00850692273354414
-0.0209638076393944
0.0107595295031188
0.00367709315110473
0.00364706022741814
-0.0101475429195484
-0.00166714140531977
0.00884889600151551
-0.00206858207568729
-0.00953499272492482
0.00212883267682848
-0.00413289932959952
-0.00215769872620303
-0.0168406338180236
0.0152776072343164
-0.006688437277464
-0.011141134389595
0.0315735349751624
-0.00279241064867573
0.0227931786577637
-0.0334900887778515
-0.00667109432865616
0.0103109237622714
0.0142053613077226
0.000732490756127517
0.0132013769929452
0.00304911545234163
0.00599931547624898
0.0134468474597179
-0.00429838172301843
0.00379413668221277
0.0189967497769177
-0.00205455270763797
-0.00431718995563855
0.0189757504526584
0.00492162244007174
-0.00558629498261154
0.0192866548736245
-0.00225146296233804
0.0188228674708974
-0.023027598673335
-0.00753931326023266
0.000559067696458844
-0.0237167018314416
0.0238967207551006
0.00564129207023506
0.0171655902304819
-0.0459627148482709
0.0364355273024626
0.0208255755571371
-0.00341672307274777
-0.0188847716545866
-0.00379618304401519
-0.0002600772208188
0.033437878440656
-0.00747999601769479
0.00201227896819041
-0.023186343548215
-0.0151169092099428
-0.0117714976264943
-0.000721898699204272
0.0130996504059972
-0.000316572978979972
-0.0118635645708548
-0.0205971155850684
-0.00167836125510108
0.0213079118954443
0.0125643171679283
-0.0234306550914798
0.000757406951668784
0.00866553191259393
-0.0266637655066259
0.0073512971821287
0.0133729481460133
0.00981405522890273
-0.0183762804694093
0.0250596183728624
0.00313453726465461
-0.0195192581264933
0.0190247296026913
0.0403158084492784
-0.0222567307940389
0.0152936353624904
-0.00211508740155254
-0.0165846596824744
-0.00652131691388318
0.0111895907617942
0.00337457501436875
0.000525825761323705
-0.00512837382207173
-0.00848626266971488
0.0015057899113058
0.0255245185237762
-0.0182054770262641
0.0116145937144403
-0.00762936913947649
-0.0322469566224102
0.0129321562083749
-0.0236450212281716
0.01249944354184
-0.0160981138711555
-0.0063712276048796
0.0251158645408274
-0.00521639702981645
0.000277935021820873
-0.0010216613793261
-0.0305739050140757
-0.0122575767030149
-0.00741765558795226
-0.00148336948048031
-0.00617032892945955
0.00496049023884177
0.00132825998740825
-0.0134842806902369
-7.44267957465937E-05
-0.0160491000790267
-0.00319658237598053
-0.00563272023320104
0.00715060655879987
-0.0234954376392683
0.0150907740523628
-0.00719605817682643
-0.0186861627078754
0.000661280239055191
-0.0127486158114815
0.00687446407403517
0.00834938929342897
0.00142973688831683
-0.0392825657531929
0.0121476029680833
-0.0283661365372764
0.00573087385624895
-0.00432910326112815
0.00482295217132398
-0.00482896434396641
0.0104330017723583
-0.00807706722926171
-0.0154073883094343
0.00588067377857299
0.00388323063983804
0.00146154037913461
0.010896987489068
0.0290790043391861
-0.00020159285261786
-0.0516566611591188
-0.0122759005804183
0.0161596745332767
0.00314305680410533
0.00271339489345134
-0.00405912490745149
-0.00179618138658899
-0.0201926201544596
0.0295386788107904
-0.0246085223625606
0.0180005071141101
-0.0199424634683387
0.0217884046219126
0.000992070990021313
0.0220863535505306
-0.00260570541586228
0.0251366929014475
-0.00967084290853642
-0.00454769155055868
0.00167603129099727
0.0130140855963497
0.0146503714151806
0.00861861288875984
-0.0304201854032853
-0.0083253297052461
-0.0132263526474239
-0.00666400294567908
0.0147046308228117
-0.0162857425140393
-0.0206573388586427
0.00617066970161915
0.0051654371127508
-0.0114765779882662
0.00190905239672054
-0.00522723876608909
0.0131761478937311
-0.00410200591032878
-0.00105681059334316
0.0283982294839928
0.00217339293156192
-0.0046923726430455
0.015881139052911
-0.00766779339774151
0.0121120107900426
0.00158325002037888
-0.00429569832073764
-0.000559466507368317
-0.00425899144265642
-0.0174067990991951
0.00688773764474191
0.00245649958459936
-0.00561758594938966
0.0149010081777923
-0.00629675816141404
-0.00476840062377756
-0.0162075602885192
-0.00787392363953029
-6.76371252073665E-05
-0.00960776318001816
0.0207038614011786
-0.00118342961109176
-0.00608174046607661
-0.0112806966961646
0.0158176262297315
-0.00405705823213329
0.0136961395866464
-0.015453249697356
-0.0112200674650261
0.00932825136675181
-0.0209010730050168
-0.0240667449878909
-0.0234027343725338
-0.00395942746918841
0.00548811588842202
0.0116591075647947
0.0543260488814668
-0.0148568681276968
0.00847975177830117
-0.0233039317088676
0.00806554634711524
0.021295742272232
-0.0112626037620827
0.00232139665737006
-0.00275821709724085
0.00777946252335581
0.0241034184004985
-0.0178469641788385
0.00726334331540952
0.0110883192789216
-0.0139519191625329
-0.0129781829382488
-0.0101221642674778
-0.00881471757224503
-0.0132288557245467
-0.00519748212842583
0.00137527136433219
-0.0185819040767075
-0.0168807776240733
-0.00392950663546959
0.0291671187590457
-0.0236434289635522
-0.0100720085736591
-0.0289946475848936
-0.0224226084420229
0.0143598896150588
0.00440064518235473
-0.017019876888109
0.0125023167353557
0.0132337029300348
-0.0211423129984183
0.0240931596395779
0.0213003011459756
-0.0122557788855206
0.0247193387195348
-0.0063843034267917
-0.0158949932702563
-0.0100934878422868
-0.00460335403659234
0.00787668481280032
-0.00459766707956866
0.0232190649183034
0.00366401747925725
-0.0137893984133328
-0.0133130735193743
-0.000618727825382893
0.000281656667829145
0.0168060521132815
-0.00722154252415435
0.0189989662869206
-0.0184486068788246
-0.00908208936899177
0.023031086909331
-0.0454261095960894
-0.000581499411342766
-0.0146081289323662
0.0174633643558858
0.00138738029626328
0.0235837462563491
-0.0454244629500528
-0.0116280613715432
-0.00678433285520509
0.0224531961568053
0.0118685125266495
0.025968800258738
-0.0040943362202156
-0.0296888563836183
0.00446239060099824
0.012657382026993
0.00114194197860841
0.00639981147293408
0.0102671495064681
0.00299747733869836
0.0093054440600491
0.0182385321168658
0.00104927817042983
-0.00464819133343291
-0.0100325862964019
0.0263727081948366
0.0164195624922483
0.0243430114779895
-0.00938795018222762
-0.0290947116065492
0.0125999607455949
0.0144274149709691
-0.0304633566332466
-0.000572461263325697
-0.00871826408040005
0.00420339848466003
0.00169134609696327
0.00795136939388779
-0.0164245582523027
-0.00870894816217912
0.00887695788879366
-0.0063020339203085
-0.0438948346222175
-0.0242806151047213
-0.037205687563696
-0.00329142370899806
0.0115945764896482
0.0143341071833222
-0.00382494122980064
-0.016432698825697
-0.0154055260128838
0.0294780630720976
0.0216903306274828
0.0137102878076208
-0.0148449230374
-0.0128598650036615
0.0233997748056412
0.000132120892678172
-0.000833543718548524
0.0277025404064846
0.00503814940502858
0.0039854367161465
-0.018575386524355
0.0166714813985194
0.0203314425361033
0.0171854412236536
-0.0207783392304735
0.000769389248588136
0.00426697929401566
-0.0042446471085131
-0.0161134256866046
-0.00814433565841656
-0.00274969815128131
0.00109842084110093
-0.0192550920582448
-0.0146734387329379
-0.0067152976159134
-0.0121861614361528
0.00387063078204127
0.00919887418447374
-0.0273768378239999
-0.0255768142034739
0.00289513045489474
-0.0166073274851622
0.0234938890661302
0.0232117429802436
-0.0114542100697239
-0.0129036519626428
-0.00892313119863911
0.0112784413466889
0.000540725166029004
0.0343546501311705
-0.0184767714718569
0.00572414804970687
-0.00763171991028087
0.0401417045763656
0.0204539049542214
-0.000462714979644034
-0.00212580268898199
-0.0184501105719684
-0.00331241033709788
-0.0102711698981203
0.000925097461577265
-0.00155427585373741
-0.00484751489109376
-0.00772074716469602
9.77701694146538E-05
-0.00268809967549147
-0.0103611292238097
-0.000512612605062628
-0.0055770585829244
0.0246327191080202
-0.0162051482786211
-0.0124249208218566
0.00188744950465899
0.0384885596615441
-0.00200134376625094
0.00442532025890467
-0.0238169596554209
0.00640755907760998
0.0125533991465232
-0.031136548376436
0.0160154331113209
0.00760234170510914
-0.00133648591745406
0.0137747407145161
0.00991118136287187
0.00966261119689795
-0.0146083487714083
-0.00029324172353858
0.00377060134056507
0.0139135293480949
-0.0130566253079856
0.0146186439933706
-0.0054775906391611
-0.0394351928698999
0.000288023079041299
-0.0206546504600419
0.00593600424442312
-0.00333873822053235
0.00878206947643748
-0.0380694538276251
0.00294219182715515
0.0247091828665563
-0.00790194080853144
0.0186293519837386
-0.00741095054932268
0.0161666520533726
-0.00045735467911057
0.0261618798650478
-0.01907419744275
0.0225316765407867
-0.00635061167577039
0.0172394182263401
-0.00367879981262442
0.0036910478114331
-0.0169806903009662
-0.0128047182615465
-0.00697424022492596
-0.00175550316782901
-0.0018562838068393
0.0108365541554646
0.038316443659102
0.00313846113931402
0.00751925651360903
-0.00125022795598976
-0.00911810591237077
0.0256859043995706
-6.56138030929171E-05
-0.0236752912422447
-0.0153508059314395
0.0237686110654925
-0.00352654616989558
0.00231048603296947
0.0333769481739863
-0.0166096965289769
0.000301159264411501
0.0103695287196488
-0.00259704937538228
-0.02352785407964
0.0128000592178152
0.0144791780396412
0.0029326447411035
-0.00830976552822119
0.00851366306290103
0.00133408287363869
-0.0167552236531954
0.000769981626403756
-0.0071743146470633
-0.00649761359879003
-0.0144489662952782
-0.00426708194394405
-0.00546748765833863
-0.0177243476831961
0.0340328585976484
-0.0265685332977419
0.00264594879855878
-0.00398193843434281
-0.0330085542230147
0.0257760322206415
-0.0239449024929513
-0.00377781611278379
-0.0118931470953715
0.0170507383967411
0.00201393949461153
0.0142110695836418
-0.00104630951464156
0.00913814964707977
0.00126408930714636
-0.0123602011983906
0.0290763805904563
0.00130797821405976
0.0249321557862437
-0.0010781438781582
0.0149031941698381
-0.00409508154873494
-0.0143275054777606
0.0187312203665864
-0.0163457052702581
0.0125242393404075
0.0276489907873579
-0.0025630186715331
-0.0154281526245435
-0.00552926282483128
0.0274103805203694
0.0148657838732337
-0.0160039457906265
-0.0104254550994679
0.0279048243345545
-0.0193941409155618
0.00886952080495282
-0.00628865645878665
-0.0279125714983816
0.00165659591343628
-0.0111874050501322
-0.0150858404773909
-0.00147700814393253
0.00675454150402355
0.00846643238585057
0.0172162505369206
-0.0156410355975422
0.00753061948994256
0.0115446759854178
0.0137348526652206
-0.0157939604896416
0.0132113178843421
-0.0189644719953614
-0.00721339890449145
0.0233857281162129
-0.016657218373196
0.0101978913514586
0.00258133476832945
0.00449890344593707
0.0222882127756683
0.00464673567321836
0.00366552826545151
0.012993808199355
0.0089171746625439
-0.0241509710726108
0.0078004585043933
0.00230733013462346
0.00399001744241424
-0.00670494970972757
-0.00528043393206803
0.0150589721117856
0.00717492280321758
0.0193984735146041
0.00383483012896865
-0.00815403559725821
-0.00726075136879425
0.00646186287571141
-0.000239598309561615
-0.0228859642028335
0.00679619358493836
-0.0212317536792202
0.00424815795467806
-0.00540061902173019
0.00561093177230683
0.00919179581248913
0.0275177497873588
0.00836006527578712
-0.0268154466989697
-0.0234083325689995
-0.0120745113150705
0.0131069808865959
-0.0289908926619073
0.0157015487921172
-0.0188034710573384
0.0288005150768806
0.0208265100920707
0.00682340508252433
0.018669659520361
0.0146119639139918
0.0206980674439093
0.0185092970157487
-0.00942222827166416
-0.017641298328231
0.0228009252791585
0.00798676594385539
0.00102797690208856
0.0184811565766165
0.02152792692444
-0.0197355691874219
-0.0327430131733191
-0.00628741025378487
0.0034520210891747
0.00349282401543221
8.76583692755287E-05
-0.0152023857869405
0.0037473528784598
0.00500571935319077
-0.0225832464076965
-0.0368526316067503
0.0180688664713577
0.0182263075470019
-0.00244555134370543
-0.000647951051318155
-0.00800364986373119
-0.0144651851603063
-0.00181001708754901
0.0309827575472964
0.0041786758527941
0.0123799452933009
0.00576574250609355
-0.0215677783061291
0.00314140059891704
-0.00596165807027104
-0.000868285463698295
-0.0123135890324177
-0.0104052374645371
-0.00251458103574509
0.021294933517225
0.0123692865856467
-1.38182581469635E-05
0.00815607959499148
-0.0213296610131735
0.0221694103477182
-0.0148264297954517
-0.00931266300621745
0.0164537170842643
0.00281413783413187
-0.0138981357057949
0.00634012891897024
0.0235688152204418
-0.0117922338027286
-0.0169223935045982
0.0349173975353111
0.00815945168006738
-0.0106109080085857
-0.00452580124925059
-0.00235166028848178
0.0119309255578654
0.0038166744805224
0.015625250857926
-0.0178501626018867
-0.0139549085945855
0.0205809467117258
0.00515832714711702
-0.0171740832741975
0.0255026807951738
0.000878224877053897
-0.0502339111886387
-0.0026747000322239
0.00312270200732571
0.0189222836032319
-0.0169197108674176
-0.00513354740392702
0.00782717060213526
0.0105181715452537
-0.0102165035712893
-0.0069456687797494
0.0177574089266477
0.0228356343777572
-0.0239136717990861
0.0446898928696457
-0.00549799730026587
0.00556652983120644
-0.0152589358199288
-0.00133224214271062
0.0162752883391393
-0.0202891926124331
-0.00885636196377654
0.00635160146478282
-0.0192401286393635
0.000209310189885049
0.0212741258864779
-0.0269119699809297
-0.00075739792684501
0.0115893966979692
-0.020384803110937
-0.0162731334368638
-0.0204170562584337
0.00932534594258094
-0.00638661196217049
0.0158137288798554
-0.0168116156561652
-0.0103487737139595
-0.0141398507974227
0.0201357462206367
-0.0158570876483366
-0.00480783429444071
-0.00411809985420981
0.00728191648856216
-0.000859502178939906
-0.0078545775044581
-0.0108320908097034
0.0132569601653162
-0.00116716594700105
0.0216547519581797
-0.0107844997421444
0.00785182436652807
-0.00578112217373716
0.00194307691424471
0.0148716276809915
0.00367036398220066
-0.0183819453743857
-0.00370269406483737
0.0200464695008165
-0.00691235954789677
-0.00843517344348833
-0.0102467732194254
-0.00238483213677054
-0.0172423754858104
0.0193618372317798
0.000552104251785819
-0.0214992430909842
0.0155086613171729
-0.0254071832488736
0.00862110822203139
-0.0108661492595098
0.0190359828490812
-0.00825292352023956
0.00879725413887415
-0.00428721794608412
-0.0106580060613377
-0.00169809559173923
0.0211354736472366
-0.0127797290013538
-0.0103184235772428
0.0151962027577517
0.00153087367892283
-0.0332487708765143
0.00485200504408092
-0.0102537848487574
0.00108146720183825
0.00430554209860579
-0.0416594825231248
0.00686922655281322
-0.0128929128164093
0.0134571294259455
-0.00924820593772015
0.0113375407717872
0.0203026738718494
0.0120941582762956
-0.0354556150442323
-0.0159698074133407
0.00668044664616133
0.00575491829716878
-0.020820455104602
-0.000746158479877699
-0.0252679412663854
0.0161259565817007
-0.0123894281107668
0.000176301702885747
0.0236990861959263
0.0139356690585009
0.0170021313002463
-0.00977800804175195
0.00343444321182034
-0.02552189349081
0.00785558085876403
-0.0148499197048651
0.0187504460149195
0.0245937803378186
-0.0222116126273626
-0.0145873509870857
0.0238626786645985
-0.0145873509870857
-0.0222116126273626
0.0245937803378185
0.0187504460149195
-0.0148499197048652
0.00785558085876403
-0.0255218934908099
0.00343444321182035
-0.00977800804175198
0.0170021313002462
0.013935669058501
0.0236990861959263
0.000176301702885742
-0.0123894281107668
0.0161259565817007
-0.0252679412663855
-0.000746158479877714
-0.020820455104602
0.00575491829716877
0.00668044664616127
-0.0159698074133407
-0.0354556150442325
0.0120941582762956
0.0203026738718494
0.0113375407717872
-0.00924820593772018
0.0134571294259455
-0.0128929128164093
0.00686922655281325
-0.041659482523125
0.00430554209860577
0.00108146720183825
-0.0102537848487573
0.00485200504408093
-0.0332487708765144
0.0015308736789228
0.0151962027577518
-0.0103184235772428
-0.0127797290013538
0.0211354736472366
-0.00169809559173922
-0.0106580060613377
-0.0042872179460841
0.00879725413887415
-0.00825292352023955
0.0190359828490811
-0.0108661492595098
0.00862110822203137
-0.0254071832488737
0.015508661317173
-0.0214992430909843
0.000552104251785882
0.0193618372317797
-0.0172423754858104
-0.00238483213677052
-0.0102467732194254
-0.00843517344348838
-0.00691235954789676
0.0200464695008164
-0.00370269406483733
-0.0183819453743857
0.00367036398220064
0.0148716276809915
0.00194307691424471
-0.00578112217373717
0.00785182436652807
-0.0107844997421443
0.0216547519581798
-0.00116716594700105
0.0132569601653162
-0.0108320908097034
-0.00785457750445803
-0.000859502178939912
0.00728191648856213
-0.00411809985420982
-0.00480783429444065
-0.0158570876483366
0.0201357462206367
-0.0141398507974227
-0.0103487737139595
-0.0168116156561653
0.0158137288798554
-0.00638661196217052
0.00932534594258093
-0.0204170562584336
-0.0162731334368639
-0.020384803110937
0.0115893966979692
-0.000757397926845012
-0.0269119699809297
0.021274125886478
0.000209310189885065
-0.0192401286393635
0.00635160146478281
-0.00885636196377659
-0.0202891926124332
0.0162752883391392
-0.00133224214271066
-0.0152589358199288
0.00556652983120642
-0.00549799730026589
0.0446898928696458
-0.023913671799086
0.0228356343777572
0.0177574089266477
-0.00694566877974935
-0.0102165035712892
0.0105181715452537
0.00782717060213526
-0.00513354740392699
-0.0169197108674177
0.018922283603232
0.0031227020073257
-0.00267470003222388
-0.0502339111886388
0.000878224877053874
0.0255026807951739
-0.0171740832741975
0.00515832714711697
0.0205809467117259
-0.0139549085945856
-0.0178501626018866
0.0156252508579259
0.0038166744805224
0.0119309255578654
-0.00235166028848176
-0.00452580124925057
-0.0106109080085858
0.00815945168006741
0.0349173975353111
-0.0169223935045982
-0.0117922338027286
0.0235688152204418
0.00634012891897023
-0.0138981357057949
0.00281413783413188
0.0164537170842643
-0.00931266300621744
-0.0148264297954517
0.0221694103477182
-0.0213296610131734
0.00815607959499141
-1.38182581469664E-05
0.0123692865856466
0.021294933517225
-0.00251458103574504
-0.010405237464537
-0.0123135890324176
-0.00086828546369828
-0.00596165807027107
0.00314140059891704
-0.0215677783061291
0.00576574250609352
0.0123799452933009
0.00417867585279413
0.0309827575472964
-0.00181001708754899
-0.0144651851603063
-0.00800364986373117
-0.000647951051318052
-0.00244555134370545
0.0182263075470018
0.0180688664713578
-0.0368526316067501
-0.0225832464076965
0.00500571935319074
0.00374735287845982
-0.0152023857869404
8.76583692755162E-05
0.00349282401543223
0.00345202108917466
-0.00628741025378483
-0.032743013173319
-0.0197355691874219
0.02152792692444
0.0184811565766165
0.00102797690208853
0.00798676594385542
0.0228009252791585
-0.0176412983282311
-0.00942222827166415
0.0185092970157487
0.0206980674439094
0.0146119639139917
0.0186696595203609
0.0068234050825243
0.0208265100920706
0.0288005150768807
-0.0188034710573384
0.0157015487921172
-0.0289908926619073
0.013106980886596
-0.0120745113150705
-0.0234083325689995
-0.0268154466989697
0.00836006527578712
0.0275177497873589
0.00919179581248911
0.00561093177230683
-0.00540061902173019
0.00424815795467806
-0.0212317536792203
0.00679619358493845
-0.0228859642028334
-0.000239598309561593
0.00646186287571142
-0.00726075136879427
-0.00815403559725818
0.00383483012896867
0.0193984735146042
0.00717492280321756
0.0150589721117855
-0.00528043393206802
-0.0067049497097276
0.00399001744241423
0.00230733013462347
0.00780045850439326
-0.0241509710726107
0.00891717466254392
0.012993808199355
0.00366552826545152
0.00464673567321833
0.0222882127756682
0.00449890344593705
0.00258133476832942
0.0101978913514586
-0.016657218373196
0.023385728116213
-0.00721339890449148
-0.0189644719953614
0.0132113178843421
-0.0157939604896416
0.0137348526652206
0.0115446759854178
0.00753061948994256
-0.0156410355975422
0.0172162505369206
0.0084664323858506
0.00675454150402351
-0.00147700814393251
-0.0150858404773909
-0.0111874050501321
0.00165659591343627
-0.0279125714983817
-0.00628865645878661
0.00886952080495277
-0.0193941409155617
0.0279048243345546
-0.0104254550994679
-0.0160039457906265
0.0148657838732337
0.0274103805203695
-0.00552926282483131
-0.0154281526245435
-0.00256301867153316
0.0276489907873578
0.0125242393404075
-0.016345705270258
0.0187312203665864
-0.0143275054777606
-0.00409508154873496
0.0149031941698381
-0.00107814387815822
0.0249321557862438
0.0013079782140598
0.0290763805904563
-0.0123602011983906
0.00126408930714637
0.00913814964707979
-0.0010463095146416
0.0142110695836418
0.00201393949461155
0.0170507383967411
-0.0118931470953716
-0.00377781611278379
-0.0239449024929514
0.0257760322206415
-0.0330085542230148
-0.0039819384343428
0.00264594879855878
-0.0265685332977419
0.0340328585976484
-0.0177243476831961
-0.00546748765833859
-0.00426708194394407
-0.0144489662952782
-0.00649761359879005
-0.00717431464706332
0.000769981626403752
-0.0167552236531953
0.0013340828736387
0.008513663062901
-0.00830976552822115
0.00293264474110349
0.0144791780396411
0.0128000592178152
-0.02352785407964
-0.00259704937538227
0.0103695287196488
0.00030115926441151
-0.0166096965289769
0.0333769481739861
0.00231048603296945
-0.00352654616989559
0.0237686110654925
-0.0153508059314395
-0.0236752912422447
-6.56138030928761E-05
0.0256859043995706
-0.00911810591237077
-0.00125022795598977
0.00751925651360901
0.00313846113931402
0.038316443659102
0.0108365541554646
-0.00185628380683926
-0.00175550316782901
-0.00697424022492603
-0.0128047182615466
-0.0169806903009662
0.00369104781143311
-0.00367879981262442
0.0172394182263401
-0.00635061167577039
0.0225316765407867
-0.01907419744275
0.0261618798650479
-0.000457354679110578
0.0161666520533725
-0.00741095054932267
0.0186293519837386
-0.00790194080853143
0.0247091828665562
0.00294219182715516
-0.0380694538276251
0.00878206947643749
-0.00333873822053235
0.0059360042444231
-0.0206546504600419
0.000288023079041253
-0.0394351928698998
-0.0054775906391611
0.0146186439933706
-0.0130566253079855
0.0139135293480949
0.00377060134056509
-0.000293241723538566
-0.0146083487714083
0.00966261119689792
0.00991118136287191
0.013774740714516
-0.00133648591745403
0.00760234170510911
0.0160154331113208
-0.0311365483764361
0.0125533991465231
0.00640755907760996
-0.0238169596554209
0.00442532025890472
-0.0020013437662509
0.0384885596615442
0.00188744950465904
-0.0124249208218566
-0.016205148278621
0.0246327191080202
-0.0055770585829244
-0.000512612605062597
-0.0103611292238097
-0.00268809967549145
9.77701694146599E-05
-0.00772074716469599
-0.00484751489109377
-0.0015542758537374
0.000925097461577251
-0.0102711698981203
-0.00331241033709796
-0.0184501105719684
-0.00212580268898199
-0.000462714979644023
0.0204539049542214
0.0401417045763654
-0.00763171991028087
0.00572414804970688
-0.018476771471857
0.0343546501311704
0.000540725166028968
0.0112784413466889
-0.00892313119863912
-0.0129036519626428
-0.0114542100697238
0.0232117429802436
0.0234938890661302
-0.0166073274851622
0.00289513045489472
-0.0255768142034739
-0.0273768378239998
0.00919887418447369
0.00387063078204129
-0.0121861614361528
-0.00671529761591338
-0.0146734387329379
-0.0192550920582448
0.00109842084110096
-0.00274969815128133
-0.00814433565841653
-0.0161134256866046
-0.00424464710851311
0.00426697929401562
0.000769389248588127
-0.0207783392304734
0.0171854412236537
0.0203314425361032
0.0166714813985194
-0.018575386524355
0.0039854367161465
0.00503814940502858
0.0277025404064846
-0.000833543718548507
0.000132120892678173
0.0233997748056412
-0.0128598650036615
-0.0148449230374
0.0137102878076207
0.0216903306274828
0.0294780630720976
-0.0154055260128838
-0.016432698825697
-0.00382494122980066
0.0143341071833222
0.0115945764896482
-0.00329142370899805
-0.0372056875636962
-0.0242806151047213
-0.0438948346222175
-0.00630203392030851
0.00887695788879374
-0.00870894816217913
-0.0164245582523027
0.00795136939388778
0.00169134609696329
0.00420339848465999
-0.00871826408040003
-0.000572461263325703
-0.0304633566332467
0.0144274149709691
0.012599960745595
-0.0290947116065493
-0.0093879501822276
0.0243430114779895
0.0164195624922483
0.0263727081948367
-0.0100325862964019
-0.00464819133343295
0.00104927817042984
0.0182385321168658
0.00930544406004909
0.00299747733869832
0.0102671495064681
0.00639981147293405
0.00114194197860842
0.0126573820269931
0.00446239060099828
-0.0296888563836183
-0.00409433622021564
0.0259688002587379
0.0118685125266495
0.0224531961568053
-0.00678433285520511
-0.0116280613715432
-0.0454244629500529
0.0235837462563492
0.0013873802962633
0.0174633643558858
-0.0146081289323663
-0.00058149941134275
-0.0454261095960893
0.023031086909331
-0.00908208936899178
-0.0184486068788246
0.0189989662869206
-0.00722154252415433
0.0168060521132814
0.000281656667829157
-0.00061872782538294
-0.0133130735193743
-0.0137893984133328
0.00366401747925726
0.0232190649183034
-0.00459766707956864
0.00787668481280032
-0.00460335403659237
-0.0100934878422868
-0.0158949932702563
-0.00638430342679172
0.0247193387195348
-0.0122557788855206
0.0213003011459757
0.0240931596395779
-0.0211423129984185
0.0132337029300348
0.0125023167353557
-0.0170198768881091
0.00440064518235476
0.0143598896150588
-0.0224226084420228
-0.0289946475848938
-0.010072008573659
-0.0236434289635521
0.0291671187590457
-0.00392950663546956
-0.0168807776240733
-0.0185819040767076
0.00137527136433215
-0.00519748212842583
-0.0132288557245467
-0.00881471757224504
-0.0101221642674778
-0.0129781829382488
-0.0139519191625331
0.0110883192789215
0.00726334331540952
-0.0178469641788384
0.0241034184004985
0.00777946252335579
-0.00275821709724087
0.00232139665737007
-0.0112626037620828
0.021295742272232
0.00806554634711523
-0.0233039317088676
0.00847975177830114
-0.0148568681276968
0.0543260488814668
0.0116591075647947
0.00548811588842201
-0.00395942746918837
-0.0234027343725338
-0.0240667449878908
-0.0209010730050168
0.00932825136675183
-0.0112200674650262
-0.015453249697356
0.0136961395866465
-0.0040570582321333
0.0158176262297315
-0.0112806966961647
-0.00608174046607664
-0.00118342961109178
0.0207038614011786
-0.00960776318001818
-6.76371252073442E-05
-0.00787392363953035
-0.0162075602885192
-0.00476840062377755
-0.00629675816141406
0.0149010081777923
-0.00561758594938963
0.00245649958459936
0.00688773764474188
-0.017406799099195
-0.00425899144265643
-0.000559466507368298
-0.00429569832073763
0.00158325002037887
0.0121120107900426
-0.00766779339774153
0.015881139052911
-0.0046923726430455
0.00217339293156192
0.0283982294839928
-0.00105681059334315
-0.0041020059103288
0.0131761478937311
-0.0052272387660891
0.00190905239672058
-0.0114765779882662
0.00516543711275078
0.00617066970161912
-0.0206573388586427
-0.0162857425140393
0.0147046308228117
-0.00666400294567909
-0.0132263526474238
-0.00832532970524613
-0.0304201854032854
0.00861861288875987
0.0146503714151805
0.0130140855963497
0.00167603129099726
-0.00454769155055874
-0.00967084290853645
0.0251366929014474
-0.00260570541586224
0.0220863535505307
0.000992070990021312
0.0217884046219125
-0.0199424634683388
0.0180005071141102
-0.0246085223625607
0.0295386788107903
-0.0201926201544595
-0.00179618138658902
-0.0040591249074514
0.00271339489345134
0.0031430568041053
0.0161596745332766
-0.0122759005804183
-0.0516566611591186
-0.000201592852617876
0.0290790043391862
0.010896987489068
0.00146154037913463
0.00388323063983805
0.005880673778573
-0.0154073883094343
-0.0080770672292617
0.0104330017723584
-0.00482896434396644
0.00482295217132397
-0.00432910326112816
0.00573087385624896
-0.0283661365372764
0.0121476029680833
-0.0392825657531927
0.00142973688831686
0.00834938929342897
0.00687446407403515
-0.0127486158114814
0.000661280239055182
-0.0186861627078754
-0.00719605817682644
0.0150907740523628
-0.0234954376392682
0.0071506065587999
-0.00563272023320101
-0.00319658237598051
-0.0160491000790267
-7.44267957466123E-05
-0.0134842806902369
0.00132825998740827
0.00496049023884179
-0.00617032892945956
-0.00148336948048029
-0.00741765558795229
-0.0122575767030148
-0.0305739050140757
-0.00102166137932612
0.000277935021820923
-0.00521639702981649
0.0251158645408275
-0.00637122760487958
-0.0160981138711555
0.01249944354184
-0.0236450212281715
0.0129321562083749
-0.0322469566224103
-0.00762936913947651
0.0116145937144403
-0.0182054770262641
0.0255245185237762
0.00150578991130579
-0.00848626266971489
-0.0051283738220717
0.000525825761323705
0.00337457501436872
0.0111895907617942
-0.00652131691388317
-0.0165846596824744
-0.00211508740155251
0.0152936353624904
-0.0222567307940389
0.0403158084492784
0.0190247296026913
-0.0195192581264933
0.00313453726465461
0.0250596183728624
-0.0183762804694093
0.00981405522890268
0.0133729481460133
0.0073512971821287
-0.0266637655066259
0.00866553191259398
0.00075740695166873
-0.0234306550914797
0.0125643171679282
0.0213079118954442
-0.0016783612551011
-0.0205971155850684
-0.0118635645708548
-0.000316572978979982
0.0130996504059973
-0.000721898699204259
-0.0117714976264943
-0.0151169092099426
-0.023186343548215
0.00201227896819039
-0.00747999601769473
0.033437878440656
-0.000260077220818809
-0.00379618304401521
-0.0188847716545866
-0.00341672307274779
0.0208255755571372
0.0364355273024628
-0.045962714848271
0.0171655902304819
0.00564129207023504
0.0238967207551007
-0.0237167018314416
0.000559067696458834
-0.0075393132602327
-0.023027598673335
0.0188228674708973
-0.00225146296233804
0.0192866548736244
-0.00558629498261149
0.00492162244007175
0.0189757504526584
-0.00431718995563857
-0.00205455270763794
0.0189967497769177
0.00379413668221276
-0.00429838172301841
0.013446847459718
0.00599931547624896
0.00304911545234162
0.0132013769929452
0.000732490756127524
0.0142053613077226
0.0103109237622714
-0.00667109432865614
-0.0334900887778516
0.0227931786577636
-0.00279241064867575
0.0315735349751625
-0.0111411343895951
-0.00668843727746407
0.0152776072343164
-0.0168406338180236
-0.00215769872620303
-0.00413289932959953
0.00212883267682852
-0.00953499272492481
-0.00206858207568727
0.00884889600151548
-0.0016671414053198
-0.0101475429195484
0.00364706022741814
0.00367709315110475
0.0107595295031188
-0.0209638076393946
0.00850692273354416
0.00880392691096326
0.00705374190978565
-0.0278689313517159
0.0252384946517291
-0.0293198978263703
0.0333188235116025
0.0181657188508308
-0.00879657063912758
-0.0229093266858757
-0.0006354953382771
0.00303943483237072
-0.0129969584456165
-0.00957898611385277
0.00713789375566938
-0.00500779481721521
-0.000808047973936046
0.0176274708610243
-0.00248526791908999
0.00782862477919367
0.0141123851842436
-0.0215185460393633
0.00215890521201079
-0.000941626945009187
-0.00913303049156273
-0.0134766645187754
0.0182338149791908
0.0307891931095042
-0.00836364016334776
0.0126609701454
-0.00780050165205317
-0.0119089672977979
0.0366391176685277
-0.0333150541377224
-0.00396858779231275
0.00828733766847588
0.00438339703835652
-0.0132534465320169
0.0137479691521685
-0.000397475173638617
-0.000407510988355862
0.000609294668682777
0.018290774400281
0.00954936600571308
0.00250330642210754
0.00864339181629402
0.0156877592461316
0.0166240891728455
-0.0212563500024434
0.028283160824312
-0.00108679311644969
-0.0141783823159717
0.0139503379763317
0.0223410379303328
-0.013496758928096
-0.0104523977959495
0.000901427054234665
-0.00389126390723244
9.48362223937006E-05
-0.0101026049323965
0.0190604739104699
-0.038188707154624
0.000533599510460498
-0.00204064095680212
-0.00946760626764236
0.0147409460466783
0.00453997222947975
0.0228620153725487
-0.0105537346128405
-0.0148253320939715
-0.0171500340080974
-0.011839398531723
-0.00113430022780903
0.0239450673946709
-0.00264681115203392
-1.89420974912322E-05
-0.00740757202752714
-0.0041353135967854
0.0194972940762122
0.00412301878860695
0.0203644950091186
0.0275481441376012
-0.00700103358168135
-0.0158438777400617
-0.0133308886224585
0.0200217238237449
-0.0553711406329632
0.00103956380718099
0.00669754329690661
0.0126844492643632
0.0160064057914536
0.00939495220465078
0.00962660182183938
-0.000799640677362999
0.024048606931647
-0.022652600810044
0.00829646698614417
-0.0142304776260576
0.0216765533378723
-0.002098738043897
0.0266263143013332
0.0189924168157849
-0.00955504696850811
0.0124664873050937
0.00183747680263091
-0.0114693118730111
-0.00226645831111007
-0.00132045816414527
-0.00635112360744358
0.0251592630462773
0.0223960296224999
-0.0292878173618022
0.0204343720306973
-0.0122549247181093
-0.000791550275802746
0.0350537239026048
-0.00511112106701623
0.0135631001136382
0.0066500068898832
-0.0163190291907361
0.00414233383315793
0.00635470724454392
-0.0168803446840855
0.0186578226571215
-0.0220605170159066
-0.00808198061124669
-0.00825233396780526
-2.48715611202528E-05
-0.0352948852437552
0.00700422467699764
-0.0104254217113154
0.00614913633729359
0.0293777498030859
-0.00117311717044207
0.022100788243818
-0.014405678360597
0.00549052327592789
0.00961988669538512
0.0121924551414125
-0.0028988822993347
-4.41485907598552E-05
0.0102497144873979
-0.00387268836464518
-0.00924619086515468
-0.00202155356488826
0.00592009240091777
0.000386321151228794
-0.0205186679883989
0.0232036423891425
-0.000877991835775088
-0.000459742902327725
-0.0173296107471415
0.0138766594345592
-0.0232259047382706
0.0187701156938665
0.00398181235638937
-0.0111556480866498
0.020334613664879
0.0111950754945226
0.00255712666277625
-0.0336424191107459
0.0228815709448423
-0.0205362844703356
0.00286194412708705
0.0124702065311932
-0.00207901667634054
0.0104231839236807
-0.00508111637454629
0.0143908595536122
0.0198105011335298
0.0151743022325058
-0.011495702029952
-0.0248875890614577
-0.000642604300179044
0.0145109241439667
0.00576373050618982
-0.00189156025066884
0.0107218019850587
-0.00010066386064899
0.00121899012744644
0.00151808780061858
-0.010717301469994
0.0195546171734183
0.0246783258931911
0.0168524007167184
-0.0257778758519006
0.000393679389038136
-0.0249638511490083
-0.00169817439015444
0.0102255815884215
-0.00753734010277075
-0.00725285726251833
0.0134257509077041
0.0142507642198391
-0.0255136650627195
-0.00552750334084914
0.0258058341334773
0.00809550057247886
-0.00395540018514423
-0.0211339847273175
0.00972089285836206
-0.0155500704418708
-0.0227743561650841
-0.00810722695480296
0.0128802172083586
0.00982188897894276
0.0235339719839915
-0.0180547072999942
0.0206384026791635
-0.0315475830172709
-0.0330035096782012
0.00550001056439381
0.00230843742474395
0.0217263424238435
0.0102198502842851
-0.0110276953831791
0.0209745104445289
-0.00779139510842922
-0.0114633385270357
-0.00814089707074314
0.0137523362915499
-0.0137436528940235
0.00395069606279052
-0.012317582759031
-0.0254134154797303
0.0151549999945783
0.000750803498549161
-0.0116048071232388
-0.00718749594252567
0.0293869229498297
6.28452902105791E-05
0.0100045813283943
0.021922855998352
-0.0202709743584556
-0.00897594686976732
-0.00226009351859353
-0.00217580202403569
0.00933488029467339
-0.0143322710402811
0.0142940243163722
-0.0148658097678852
-0.0222778404346484
0.0118132951877525
0.0311606791014487
0.0147445035487694
0.0184781337821288
0.0211074590970518
-0.0128167957407863
-0.0217328413121054
-0.0137420533652953
0.00448645080037402
-0.00107533535791403
0.00368887282417977
-0.005252778097777
-0.00621216184126629
0.00807631342672589
0.00881681514352458
-0.00247945494995712
0.0191158061688607
-0.0256757879271786
0.0212385000713045
-0.00106044716317255
-0.00407943482245353
-0.012577173588016
0.00521530655452066
0.0126272594467988
0.0185139415200396
0.0232528262532445
-0.0185631383230406
-0.00703466318469084
-0.0119105454982196
-0.0150603466260217
0.00854881521707872
0.00348151532530505
-0.00156368217307129
-0.0144187519019358
-0.00444259793886342
-0.00880838476746051
0.00670256139863975
-0.00274226196403807
0.00237691277127637
0.0181867600215722
0.010616281772086
0.0106998343419013
0.00686388352833791
-0.00530910116609881
-0.00949313353123904
-0.00734442647872402
-0.0106987238374122
-0.0107272360181431
-0.0126452901048309
-0.00857056887754609
0.0118032141040783
-0.0272473713774042
-0.010831691655791
0.00640152162892491
0.0173601126040744
0.000605375544297839
0.00635673384047224
0.017888780267804
-0.00617794811894981
0.0138891306596843
0.00961772990771398
-0.0145419447808452
0.000352250129114094
-0.00421450455040472
0.0245635947063698
-0.0137934004126064
0.0108242792631098
0.0167831825119087
-0.00220631612062296
-0.000944960503547641
0.0175178437666218
-0.00820368799095761
-0.0113028914195211
0.0460101394940195
0.00981930249953459
0.0100018310106677
-0.0193175458589885
0.000654084304143106
0.000436360749656956
-0.0210240437739943
0.026083048582309
-0.00339095824637522
0.0110077630561406
-0.00942063830056713
-0.0273452307533089
0.0154608137323144
0.00998393260653144
-0.0218235797171706
-0.0077665718488655
-0.0258838098492765
-0.00866960639832076
-0.00487834852279572
-0.00462935175960011
-0.0170633157008206
-0.00823260385217247
0.0220444376339278
-0.0128277310423163
-0.00409930003789708
-0.0100791485821353
0.0119434266554227
0.034240644139537
0.00376516044445799
-0.027435589481498
-0.0248412287148928
0.000705350723888967
0.0164629315933944
-0.0075828816899114
-0.010927203035614
-0.0337354545006826
0.0134594029463335
0.00285886339163722
-0.00680695845695831
-0.00199492115203759
-0.00849573306349204
0.00833448126131281
-0.00621567463564329
-0.00091154761871408
0.00981253026151255
-0.0222843936876126
-0.00215581504703618
0.0111366550172271
-0.0273170917232511
-0.000553641525082678
0.0157926411091788
-0.0251149018960998
-0.0163070882947053
0.0107143448026396
-0.0195797223736716
-0.0246895069338313
0.0126144570871671
0.00218203414573813
0.0151230565481641
-0.0181325150067884
0.0113075608767665
0.0133137461800307
0.00688573392985878
-0.0153619102519731
-0.0109995876895365
0.0108084194433076
-0.000125315295917841
0.00602576355828898
0.0267861973597528
-0.00822964344307162
-0.00260524470574849
-0.0011875557141788
0.0187274215963728
-0.0153817904680323
0.0263469544711401
0.0204914168831794
0.0120222858583703
0.000742440564819304
0.0235051123819866
0.023700422769278
0.0157763585638416
-0.0125266434947471
-0.0171790406354171
0.0195869830400846
-0.0187649931299782
0.034649277266442
0.00796855938758367
-0.0144876460331913
0.00151390225062034
0.00190023776928539
-0.0122130312802727
-0.00140733588694883
0.0168613774411147
0.0109486131313178
-0.00353669184213317
0.00985457617505135
-0.0133770598949244
-4.655243714334E-05
0.0145217101055033
0.040680930272798
-0.00262528477991238
-0.00473356096261521
-0.00675909587876582
-0.00326070468860925
0.00750870918599961
-0.0100708807439367
-0.0101376423714091
-0.00616533128115962
-0.0173738959837898
-0.0333964609300938
0.00275991558506942
-0.000298293698767828
0.00522231724958816
0.00911388071634436
-0.0150672595439699
-0.0180022552590146
0.0113316730798988
-0.0176676873706936
-0.00625929834427324
-0.0173635482820277
0.0167743472376212
0.00766204299202808
-0.0349905869742737
0.0187577384192094
-0.00803843814705185
0.00180837585936394
-0.0091653362481495
0.0119884487899165
-0.034699503508036
0.0102392527903398
0.0224985568669829
0.00314899211850295
-0.0315745058371998
0.0283800199154165
0.0229858682809548
0.016556842786882
-0.0349224351194516
-0.0293181959136193
0.00524438482861731
0.0187932489525146
0.0162066492065746
-0.00863720534068445
-0.0301712449893251
0.00991998538288979
0.00546164255919978
-0.00462998249909067
0.0109987937133967
-0.00556624606003434
-0.00592997020099731
-0.000378646171822886
0.0191474854431374
-0.0142673223523179
0.0177364845175048
0.0135658334667413
0.00252183893255831
0.00266546822841072
0.00533284230791528
-0.0141174078801806
-0.0194743185258915
0.0188467489207327
0.00172422625472241
0.0129955191452803
-0.0222698709656379
-0.00930082552923194
-0.011132891678457
0.0223181291055504
0.0218899491680321
-0.016474846563706
0.0021718788777355
0.000628432548611601
-0.000230075657519508
0.0204028134787396
0.0113414512884599
0.00156611597863475
-0.0239353509302801
-0.019838903663389
0.0171139440369313
-0.0267010897371872
-0.0154542654748426
0.00663670035888404
-0.0390684070439271
-0.000307600959160294
0.0174228190691222
-0.000682593505310124
0.0101763605940757
-0.000558906530659958
-0.00430940145094906
0.00462490245909599
0.00746104372893038
-0.000565321907048248
-0.0167601605789703
0.00270546718510828
-0.0103256307242156
-0.025449789159485
0.00800796725488758
-0.0191385696296599
0.0169959474434684
0.0118454162461991
-0.00688747078118202
0.00853072019786616
0.0186996036213187
0.00723311339016828
0.00613619429989645
-0.000940768794924944
0.0148763516674201
-9.08918833361783E-05
-0.0336110603134664
0.00998685851888522
-0.0026192341500769
0.0179768559770593
0.000314994768899206
0.0119933336393889
-0.0173545295362398
0.00888686143259097
0.0285312946577169
0.0131913611181589
-0.0159574277600937
-0.0116545308487005
-0.00783247546475282
-0.00133935915577721
0.00600820205546076
-0.0184981406320808
0.00745931289304397
0.00124286988407648
0.00862248893917641
0.00311602794209775
-0.00532802818859648
-0.00581241551962283
0.000766852023488733
0.00190467870438028
0.00394070435930042
-0.018917937505468
-0.00989057515745279
0.0260565371310526
-0.0171934999967691
0.0106271861209467
-0.0170387297698074
0.0294787560164784
0.0081808646453969
0.00785613655995232
0.0142231159279813
-0.00916175555466747
-0.00394016550439418
0.00236546470014745
-0.0120868475090029
-0.0327768287426588
0.0318669560668772
-0.0184238422564181
0.0361860995768886
-0.00363375062110826
0.0243003877162285
0.0187989743694551
0.0163256615199342
0.00444456931314431
0.00316391099764768
-0.0243381460780381
0.0181878487145542
-0.0361887278416447
0.0359713825691572
-0.000339538336724477
-0.00873461307898048
0.00470810559740901
0.0203085285307918
-0.00238836635438549
-0.0069512117836517
0.00424952635464971
0.00123171250676845
-0.0279699903003988
0.0133763087229191
0.0120815919082956
0.00167799263655611
0.028436021095669
-0.0227203845045976
-0.018780309316402
-0.00481093060334401
0.00548546073658929
-0.0157060921709438
-0.00117207313661588
0.00187360056702911
-0.0268550612467527
-0.0290543347823748
0.00654432096068667
-0.0204538582168678
-0.00517780058754217
-0.009416748469676
-0.0105402222647396
0.015850048760871
-0.01033310748947
0.00668925615076102
-0.0203673844033868
-0.0166136008245249
-0.0164109922371154
-0.0072179791566977
-0.0197138162834767
-0.000376964974722612
0.00671762162230229
0.0125029265826862
-0.0141536884482653
0.0267744731505181
0.0133034713544096
-0.000295164108128238
0.00257221010407443
0.0206992449779867
-0.00153592174045006
-0.00602488518697855
-0.00722037225285894
0.0177536483348254
0.00560538396362928
-0.00848300669997285
0.0013738034608668
-0.00693286315593515
0.0229145295362477
-0.0131549742956767
-0.00127696457328907
-0.00505650325126432
-0.00164073550592874
0.0116299477051074
0.0159892646330103
0.00266411556410207
-0.0184850805243979
-0.0152118110915966
-0.0255658613216494
-0.00304345665194982
0.00623101702863584
-0.000958863554196296
-0.00587117548640988
-0.0049369684356842
0.0131177947520842
-0.0106776567012838
-0.00385474781363519
-0.00516032246590005
0.00854520791162331
0.00816080776297705
-0.0243945139481063
-0.00436576346981283
-0.00864310950006568
0.00849572106768377
0.0225158764488404
0.0122624434531642
-0.0128869755476869
-0.0108384958942779
-0.00104189994830516
0.00398335504419815
0.00756007796676275
-0.00622736580149365
-0.000844269952622175
-0.0104485362524973
0.01171562597031
0.00183727405068633
0.00458108544115842
-0.00526544601951249
-0.0472391142065884
-0.00372764872471054
0.0138546275359134
-0.013312908536379
-0.00116228807347205
-0.00941243504253636
-0.00583147871641095
-0.0066513951116378
0.00352559312355033
-0.00647276546385286
0.0120996626514256
-0.0334473625858385
0.000227991402748669
0.0335796168768452
-0.00347392639660561
0.00201183006703031
-0.022537509164782
0.0245959358286518
-0.0100856476086397
0.0025654159331802
-0.0309309262681086
0.00476181521057423
-0.0255151705581507
0.0124993661007533
-0.0036254310133674
0.00720341692694696
0.0029993119902524
-0.0132658904045719
0.0449331424037866
-0.00635518004797993
0.00942012420923812
0.00185032335638379
0.00464915106503965
-0.00600826934597866
0.0127015672641661
0.00956735961017068
0.0224067391177125
-0.0466767686033352
0.0247386234951757
0.0352235889144488
-0.0116619148513584
-0.0294060133639682
-0.00149720362450763
0.0167707772781804
-0.0249621869740274
0.00890058702346695
0.00889990353541324
0.0140866450060165
0.00809820621570534
-0.0156275739192606
0.0136662834475935
0.0321199339207883
-0.024273525300054
0.00341465271096744
-0.0142662272586986
-0.0065003283271367
-0.0035640824768887
0.0348121662660088
-0.0190729227141246
0.00550194161731942
-0.00266090146287629
-0.00124730764493377
0.00163117101521069
0.0219936270971874
0.0273408455057119
-0.00543853305789341
-0.00151309397292311
-0.0191770799757505
-0.00538201669966845
0.00123400040076302
-1.38689719326756E-05
0.0153293773791444
-0.00765425103665837
0.018489134172425
-0.00396578042966651
-0.00409201361498747
-0.0287204311649248
0.014002852728717
-0.0105202666974669
-0.00201725361274281
-0.00856251983211143
-0.0246686159581556
0.0351627436978564
0.00126444396543574
0.00920156110280188
-0.0061877046014994
-0.0278302573891184
0.0148916327458243
-0.0038616414573383
0.0362482835057774
0.00765502095660269
-0.00031559835207725
-0.025852308364286
0.0346579664670363
0.0156752311043635
-0.0050447600909953
-0.0232796684156784
0.00623337711805966
-0.00468414285081544
-0.00563597420885176
0.00343147946693062
-0.0110010367115628
0.029547226525347
-0.00141488218412959
-0.0528127080540535
0.0162306079872538
0.00473067805176484
-0.00364505606844001
0.0157813203809821
0.0113041463898502
0.0113466333383003
0.00800539908352276
-0.0262866887447452
0.000150870444094524
-0.00307382643184413
-0.0194666564040788
-0.0184444876447329
0.00327955699097743
-0.0318242766252301
0.00270322028403997
0.00158705496157614
0.0065736497830232
0.0117568941871254
-0.00702117362316333
-0.0124528554686026
-0.00485219925833792
-0.0062297726642352
0.0113396282439981
-0.00420760137820213
0.0126592482770262
-0.0233829571629499
0.0101560928602515
-0.011873174983991
-0.00999630617882991
0.00866648726639972
-0.00430146931891007
0.0245310448412175
0.00322933094745618
0.00849230504965715
-0.00556324240154303
0.0134724928973345
0.0186973506767567
-0.0140646429999387
-0.00366958031971349
-0.00263777373651788
0.00557403980093184
0.0244304379539311
0.0258073467994034
-0.0261869119015476
-0.00944359024864196
0.020435693626073
-0.0128099699598771
-0.0146552620165968
0.00911433764151836
0.0162349325196862
-0.0149948163742625
-0.00796178536020323
0.0147973483512969
-0.00186151349560268
0.00974465194278463
0.0255344403805838
-0.008868417027697
0.025122244706333
0.0150052603998679
-0.036242237926654
0.0143617408779884
-0.0224181613004249
0.0226024650810204
-0.00213594963095737
-0.00419986186027213
-0.00237682194368917
0.0145405672995165
-0.0135633575705184
0.000993425798712885
-0.00129950081606611
-0.00582877041771778
0.0119867311899113
0.00497077854972083
-0.0230362476013083
0.0235791215796659
-0.0172779718722192
-0.00348267895054378
0.0254829333353611
0.00773933872582837
-0.0214543012435927
-0.014881751673254
0.0196328003268304
-0.0266534684503161
-0.00507662372916721
0.0122879417651806
-0.0262684719503723
0.0170257170432398
-0.00166262211757672
-0.000635298641598963
-0.00546443237170305
0.0235657378326789
0.00120637243682915
0.0144133711513617
-0.0119639337592486
0.0331437811506763
-0.0181442738501882
0.0116701107724851
-0.0134293715216139
-0.0177783083479729
0.000722559951463763
0.0086372154587165
-0.0010288368607625
-0.0114672267852522
0.00364156147526131
0.0195978520240395
-0.0115292555220932
0.0127920267206645
0.0063463163166158
0.011211355552558
0.0093555822100489
0.0175494058938155
-0.0019160890266437
0.0071751777123431
0.0256045288465131
-0.0241433463146455
-0.00229016016404744
0.00408494401384053
-0.00157897931557773
0.0308921594580967
-0.011563195037761
-0.0378811892365952
0.0114048585938567
0.00724110662304369
-0.00634769289457769
0.0102667258081511
-0.00227099528119888
0.00903869593142148
-0.0143674949622107
-0.0066131397139091
0.0113485814276202
0.00353928094101843
-0.0160614005639099
0.018218160486576
-0.0185095272020907
-0.00835765549582203
0.000149760604739926
-0.0180652527488212
0.00883495427503073
0.00563625193832563
-0.0038145515909954
-0.0214701231098232
0.000307301280591994
-0.0136595637757245
-0.0228574539793821
0.00259877396329513
0.0104365755076618
-0.0160387529894168
-0.000231715374196747
0.003573680658082
-0.00869030397301556
-0.00827667400876706
-0.0171737185549574
-0.00428772886724259
0.00465546748400785
0.0195509196210953
-0.00446525752719417
-0.00489487770242887
0.0158830744934133
-0.0135775829281637
-0.00515208638820571
0.0107781102705291
0.0173788495941392
-0.0025194690332328
-0.0254578557470501
0.0342565137135789
-0.00756124344548225
-0.0268085823132618
0.010189134975572
0.00762273711223582
-0.00984730445070947
0.0239266273389606
0.0178818869016269
0.00580501761505993
-0.0197375218993258
-0.0132639874806196
-0.00920137422661849
-0.00631973822900214
0.029867407299049
0.0108975787810051
0.0256597562285184
-0.00492119530071188
-0.00444622959629385
-0.0167120383321273
-0.00341615042156017
0.0234464441531712
0.0111746662777522
0.0152525010490449
-0.0062324071287596
0.00591103646101265
-0.0175420889438213
-0.00283883089485475
-0.00826342575387387
0.0194309273211318
-0.00529152790590921
-0.0280381665762657
0.00176772891551425
0.00652474873223167
-0.0103297095079883
-0.0213250108442366
0.0224065830809071
-0.00800636541940058
-0.00667732288306739
-0.00115432027352421
0.0181532937531769
0.00945404992169346
-0.0202428389821106
0.00935000591027632
0.0166239944743723
0.0129143578573887
0.0109099759533675
0.0218647787637701
-0.0280116218978887
0.0066228567647283
-0.0251789208479501
0.0238954649279194
-0.00811748105270359
-0.000192901020872258
-0.0119524376581069
-0.00920491725402534
-0.00654756624963598
0.0191899525027781
-0.000988739100963928
-0.0197265316053346
0.00127599384324196
-0.0071501069517001
0.0226079992627606
-0.000345709645013831
0.00176382420480452
-0.0131960241326224
0.012801958454808
-0.0199326262204984
-0.0133090735261874
-0.0218925279407275
0.000925216227660802
0.00618596927573341
-0.0273901828878104
-0.00686319325509622
0.00496361400851373
-0.00419105116719013
-0.00363803683975402
0.00851207222208671
-0.00769448807341644
0.0345859854879
-0.0399945704674861
0.017905855466374
0.0145391310676173
0.00890476789372604
-0.0156854766499927
-0.00327610261967039
-0.0153980887781874
0.00189039517088553
0.00232005188025838
-0.0214499607285159
-0.00767290441098885
-0.00620770211529103
-0.00331473437687544
0.00612004659732685
0.0240960612130976
-0.0036257981495795
-0.00796440526577781
0.0058316317522722
-0.0267608892561267
0.013905638227067
0.0137455500341431
0.0111185522897544
0.0125167507093806
0.000861487714034657
0.00406597500221181
0.0130063226513979
0.0259146615648981
-0.00371441739263026
0.000201420614752437
0.00132462116404907
-0.00344675117593466
-0.0155394646123912
0.00887513883418205
0.0316175116276401
-0.00246461520605609
-0.00615968321130217
-0.00487439998163653
0.00808764754023803
0.00769895587004703
-0.00834160215579534
0.00446264765564383
-0.00840459957952116
0.00446526436793131
0.0135447081606717
-0.000838801942903726
0.00382955897517785
5.63757857131544E-05
0.0134360884193985
-0.00639450484370388
0.000327571929483462
-0.0148754212451916
0.0110372544255533
-0.00821226564221814
-0.0122433751070393
-0.00825803166373804
0.00879391748737994
-0.00298761204629074
0.0103537373308311
0.0126902036723348
-0.0113519416764566
-0.00625481370765477
-0.00437576651898453
0.00327107789681789
0.00413194855641531
-0.0176033321486741
-0.0342467461975361
-0.00382922382947448
-0.00760208154620191
0.00539285570287914
-0.0198824160068965
-0.0179350241111643
0.0114010640115537
-0.00186849564219708
-0.00777299987848259
0.0132163926149827
0.0012196144103814
-0.0284400727960383
-0.0138841676992298
-0.0271832549595801
0.0151942876133544
0.0229328792177948
-0.0117658620975028
0.0140044148704404
-0.0120546848777961
-0.0181368173323358
-0.000153012936841737
-0.0116101019179107
-0.0318849020576142
-0.012752737491969
0.00715317441240284
-0.0065894151492836
-0.00532209224409701
-0.00284718504524963
-0.00871210686489867
-0.00535638549597812
-0.000593738988777617
0.000364304756542378
-0.00298444252299829
-0.0069560758062099
0.00551704651928109
0.0129801807629227
-0.0193799816610285
0.00448235772683428
-0.0134860703614177
-0.0128251322691113
-0.00902714969644745
0.0249821013707036
0.00788889978995058
-0.0048303524989363
0.00548588572806946
0.0144006405106402
-0.0083414086712026
0.009551929931294
0.0154703604262507
-0.00168558765261381
-0.00725694668883534
0.0106516515385423
0.0051018713991664
0.013502670513271
0.0258973564053858
-0.0172766527762458
0.00882934639605187
-0.0196956757569776
-0.0182350737867418
0.00544094519006975
0.00196412897310029
-0.0165437091000795
-0.00360650893850872
0.00186736142094789
-0.0123445499964562
0.0172243606167128
-0.00337219911193114
0.00761044386742506
0.00100167661073367
0.023420786787343
-0.016399262844952
0.0339054017555445
-0.000530207778346037
0.00845450359012273
0.0119493729220965
0.00699879861340317
-0.00336493688338062
-0.0107423865061304
0.0268451665704162
-0.00734837766875242
0.00868228707479061
-0.00134480273573966
-0.0193840666792859
-0.0416542921996271
0.0220492657562192
0.00103138225564693
0.00443613536337653
-0.0213512676503318
0.0289961196517108
-0.00274682720889811
-0.0085953379778363
0.0226289575719295
0.000682068797871015
-0.015383195285257
0.014535222089607
-0.00128545045022236
-0.0368300346658222
-0.00743312009253034
-0.00775741444158682
-0.00792802192862097
0.00747119108497408
0.0239702083199987
0.0277728720664639
-0.00304427830177772
-0.027900887802522
0.0188302957173981
-0.0012216593004172
-0.0145269281704959
0.000486667071769991
0.0310932006986204
0.00503137340311402
0.00543559469887452
-0.0315383286128813
0.00678345071444178
0.0219152605299271
-0.000603406814611291
-0.0238341211868949
-0.011925508726406
0.0113863928059016
-7.13208573420898E-05
-0.0080201948748539
-0.0146418033807159
-0.011117494257667
0.0105835775465377
0.031756649356494
0.00946861716465946
-0.00189506983595242
-0.00452488045392691
0.00285554926911607
0.0137141789950957
-0.0154499028252505
0.0178962745787617
0.00715615041105629
-0.000479978488406194
0.0217232662133401
-0.0221778910143986
-0.00629799027258021
0.022455423041113
-0.0208378235586541
0.00922781671705275
0.0421497389046848
-0.016555796139597
-0.024030899114467
0.00968845814518248
-0.023343185248997
0.0246099747965846
-0.00231969426061192
-0.00869957007792489
0.0259701471443373
0.00576178883062336
0.0144263875981466
0.00318195229264481
0.0219945501179531
-0.0192906706731812
-0.000741423654277763
-0.0284213073051118
-0.00497999795445834
0.00596612626338335
-0.0149623733071466
0.0076526245299511
-0.0271469267389179
0.00710983751278914
-0.00267014460139855
0.00157907590499315
-0.0191150792377107
-0.00350474414735024
0.0109358456152138
-0.0309326391315027
0.000443210469254834
0.00589973407420673
-0.0102419662656247
0.00851974079016215
-0.020780939584471
-0.0196911450047079
-0.000493905748165066
0.0126257139770959
-0.0151250334089604
0.0018635072708131
0.00467531186243144
0.026801859141243
0.0462332745110309
0.00395284697455051
-0.0042383202615826
-0.00964578973406088
-0.0122943755544391
0.0194788234939043
0.00160918577651815
-0.0135474034299855
-0.00634457081412561
-0.00525518188487457
-0.0482367999719901
0.0188512809875226
0.0144535979838962
-0.0366071693858737
-0.00424039037479762
-0.000748346869973291
-0.0025543171019789
0.00982068146062838
-0.041653972008953
-0.00802858081716663
-0.00242950915813398
0.0384788975990875
0.00588487527438797
0.00624471976561216
-0.00182761623189172
-0.0109266672058134
0.00333050324263742
-0.0211933520927739
0.00884548822438161
0.0150334494379387
0.00719900931930518
0.0066634592357481
-0.00298261268833097
-0.00229891949294715
0.00341939028847611
-0.0172258550875296
-0.0358871287502635
