-0.00690975867298114
-0.00981666324277973
-0.00722629133871987
0.0138237041917064
0.00121381071612677
0.00336174765848382
0.00263242003033234
-0.0159463384574085
0.00660479387923559
-0.0442511731283089
-0.00305303659663009
-0.0276929455312495
0.0384261887980901
0.00493360623201677
-0.0175735107180153
0.00639779114444955
0.0147447985004788
-0.00181514007664603
-0.0419378804576791
0.00911290466860694
0.00747245333347647
-0.00289499598730806
-0.0163478055986783
-0.0158502998462107
-0.0135330604508658
-0.0277751169633632
0.0130389514488164
-0.0021905951258647
-0.0128715253200272
0.00750755823981566
-0.00405190419977937
0.010806481764131
0.0171232898949746
-0.00944081129388724
0.00496922276409597
0.00107793025362166
0.0135638128705345
-0.0165643533435225
0.0074668140106352
0.000391937761643046
0.00488392797603113
0.00404464389649394
0.000185369047361466
0.00581907815771535
0.000800142622308138
0.0488264553984937
0.000430947043148372
0.00282818358061669
-0.0143812179650931
0.0228355149151066
0.000466774810373934
0.0163923186907811
-0.00513568278679415
0.0173193973554654
0.0354736241340863
-0.0269655587589576
8.51258465695804E-05
0.00165629557869917
0.00654672653768399
0.0144990235823439
-0.0164311961436447
-0.00639495431762074
-0.0294995396535773
0.0110730932960937
0.00309337627573648
0.00489302074320825
0.0118337567424906
0.0268328706151628
-0.0134148557228981
-0.00729376925035732
0.0178628069536086
-0.00272306155930054
0.00682683682110593
0.00831822428047446
0.0330871805602078
0.0142124118069108
0.00931712219392334
0.0232382541269617
-0.0497771931990694
-0.000498541249655034
-0.0131865373303374
-0.0143465283370523
-0.0187571937147808
-0.0240758813026122
-0.00487063720656807
0.0218098155431286
0.0200824798046887
-0.0062805765158752
-0.000424548211129282
-0.0225728072319621
-0.0165393468181738
0.0632249705127494
-0.00958523368411396
-0.0344184890588029
-0.00874600593439363
-0.018061366813646
-0.0373448586046859
-0.0119564856786645
-0.00113494230379641
-0.00233609146991625
0.012529624711672
-0.0436000501595147
0.00925802684173058
-0.00841219224882974
0.0197818540972666
-0.00120840188742928
0.00523730649649481
-0.00926328958020029
0.0235763740695201
-0.0112325552053705
0.000948809386508271
0.000178054727009978
0.0049889411240563
-0.0148273104785061
0.00256353802693669
0.00245282775685297
0.0277379592738313
0.00012339927014015
0.00146067997610103
0.0115755524679236
0.0024020873321158
0.0160245356418955
0.010543478630129
0.00974116638542791
-0.0192707731435208
0.0136869591376584
0.00710797352892181
-0.00235226584452124
0.00806367824554122
0.0126617695570819
-0.0294786849507378
-0.00929328534081656
0.0529993779579426
0.00724995024992418
0.0184014841716277
0.0143960162295014
-0.00281372505086685
-0.0204559437634559
0.023513483284116
-0.00935419306779839
-0.0119400112316609
0.00967024676105692
-0.0330221064552597
0.00213587015136116
-0.000452634960268416
-0.00694984998264448
0.00610023392674429
-6.50336650604834E-05
-0.000298565452366383
0.0137156759600201
0.0392009210352173
0.00311951474347359
-0.00294455629489212
0.00714012009947488
-0.0151317839068602
-8.54624562865072E-05
-0.00189984042868022
-0.00486295032376747
0.0016762171274103
0.00561054314174566
-0.0178565540103133
-0.00105000322979351
0.00232303170223843
-0.00729917007401715
-0.0226968307018422
-0.0169012139659095
-6.93157032334685E-05
0.00946336711377195
0.0241024707804963
-0.0156880267016077
0.00598726147263118
-0.00532656835503026
0.0024339019871592
0.0109893798579111
-0.0103728718816438
-0.025927722066682
0.00651939126047079
-0.0183030548397052
0.0334841580539942
0.00343424164228234
-0.0207829275117541
-0.00488360678750897
-0.0185406978289742
-0.010578244106895
0.0081962999562168
0.00499675358913493
0.0144911904199005
0.00186019694115483
0.0174225037339133
-0.000424403328469382
0.00844500642774119
0.0106323969859114
0.00736344392395797
-0.00541551693685271
-0.00177320986611177
0.0157327915558404
-0.000112298091354731
-0.0119458779813204
-0.00713456110347412
0.0276561495897343
0.0087518325904288
0.00628886865705477
0.00226408786845702
-0.0355380722611566
0.00549927194725992
-0.00817622001038794
0.0195902151461181
0.0153088432214098
-0.0283218276003911
0.013116946401954
0.0143552745688552
0.0082254370158545
-0.000375431172932444
0.0146963439021622
0.00185438374232621
-0.0284069244299256
-0.0205336404809196
0.0281102757652879
-0.00794025812328
-0.0101744706520088
0.00498942134977204
0.00688203295534967
0.0280729391264351
0.0376445706818626
0.0317963977380355
0.00658871173267097
-0.00896422318293127
-0.0113085861059423
0.0128312643930861
-0.00486282722068976
-0.017203145215686
-0.0133034022364086
0.0259668634472609
-0.0193347540355432
-0.00186344163799509
0.0118736413736861
0.012770688731682
0.0150180095825459
0.0106951522743643
0.0345132153612869
-0.0247356451629107
0.0133562937863345
-0.0285926547051044
-0.0279616272102713
0.000926024603070363
0.0229121465274004
0.014520684384272
-0.0181854534556278
-0.0149311877365301
0.00669321655420228
-0.00244931700194939
0.0184504581801972
-0.00938423052942131
-0.0017481330984856
-0.000659061472756072
0.00536838368596201
-0.022128324558853
0.00745241751882901
-0.0464594544849167
0.0204573479654761
-0.0193237597098607
0.0189205079902674
0.0092985702006743
0.00964559176019321
-0.0142534508303703
0.00151239264802145
-0.05020667578429
-0.0296622358367808
0.0087980535907732
-0.0121655640035965
-0.00847174522052762
0.0282874091548641
-0.00664499913963411
-0.00222718477364877
0.0169912277455449
-0.0228945085930117
0.00575458459660838
0.0288376365529508
-0.00774631350721858
-0.036642828306501
0.000225442907047945
-0.00219737494398498
0.00597034833356596
0.0281322385206968
-0.0387249635689407
-0.010522019297972
0.00336307177722369
-0.0325632211485532
0.03998278087429
-0.0153446173461435
-0.0301098555877232
0.00832383258595048
-0.00429982297582616
0.0260501817347087
0.035109535133403
0.0120074763459238
0.0266060815973435
0.021369427183359
-0.0180402496362246
-0.00658065662384925
-0.00140248188818263
0.00439088529090532
0.00640840283363318
-0.0117910397757853
-0.00685810671066043
0.0176776314764013
0.0272757375511926
-0.0415745836562282
0.0231691297709665
-0.00209242703864543
-0.00427377980571475
0.00839973846534739
-0.0152731235693299
-0.0127603389932957
-0.00185624342705206
0.0274143597709592
-0.0139834089795699
-0.0278012864154323
0.00283083774491495
-0.0131905609203582
0.0011535978612553
-0.00738291493606276
0.0190322296200997
-0.0232190504067532
-0.0163462480152377
0.0181972674264677
-0.00133852433300582
0.0212756156361088
-0.00736048280967866
-0.0143267158245639
0.00117581716442894
0.00516872203837757
0.00559864886912029
0.00930447033940711
-0.0332756357071276
-0.0159715275331142
-0.0102649163510313
-0.0380930427490985
-0.00108809195431279
-0.0025741263201047
-0.0152575978250295
0.0217499365326002
-0.0101083178976597
0.00682125532515589
0.00896632639780839
-0.0485241986232264
-0.00535309051842529
0.0411798385706288
-0.00696407820250184
-0.00179465836818462
-0.0262923021334341
0.00312311028964483
0.0387482207699075
0.000231322704665062
0.00508175257264724
0.025929960529832
0.0221052859304673
0.00955953231056575
0.0115653263165244
0.000929342895054996
-0.0148339868113868
0.0554993224243536
-0.0132694958437398
0.00191823656832128
0.0155935511915684
-0.0161747133537753
-0.00135733718538676
0.0112803323819105
-0.0157867736510125
0.00139535328413654
0.00242382088979016
0.00582725856957734
0.0121662662773992
0.0321572357164605
0.0283735297954607
-0.00827978838248532
0.0262266312071913
-0.00569788300526305
-0.0134016169688153
-0.00380459276828386
0.0182255005024163
0.00353630530035587
-0.000207096945864927
0.0189861594303632
-0.00596029749876356
0.0115042646419927
-0.0036794239850118
0.0183508849729866
0.0180759822339382
0.0292296881359906
0.00270565585889625
0.000872769436679269
-0.00395931612661259
-0.00456289103238601
-0.00453967514831527
0.0091206886820887
-0.0131616303961903
-0.0221330178551683
-0.0265869810991396
0.00875123433645063
-0.00600039688613787
0.0071968374290564
-0.0156237871076879
-0.00350353325678923
-0.0375955478114075
0.0117607457354589
0.0174496952717003
0.00535668297885271
0.0186710859211389
0.00428284906214965
0.000736192736316787
0.0016801838424239
0.0264367188514708
0.0185051464678471
0.0152084593665344
-0.00904673544680822
0.0138941894366019
-0.0215266504572881
0.00658555013690965
-0.00277100531817472
-0.00450772481197683
-0.0170376853813371
-0.0172690329731529
-0.00660166978569786
0.00164221197963282
-0.0100996184638192
-0.0103127838450504
0.0262682016755953
0.00726199382501674
0.0214427742279752
0.0291565332945118
-0.000728430594718675
-0.00419622099159301
-0.00276322406422115
0.000119557364153611
0.00140365962023514
-0.00923583202698728
-0.030085489313063
-0.00765141949306804
0.00955697249147903
0.0132758040142072
-0.0463625510026763
0.00968116742593186
-0.0248832387331409
-0.0157740054548048
-0.00172262005234163
0.0213662062887443
-0.00714310865773314
0.0058638278108946
0.0387149268763492
0.00310672090454009
0.0105133804235208
-0.0103574146063363
-0.00741157788283964
-0.0223932089710834
0.0148937857791373
-0.0122520681059315
-0.0126854410379975
0.0397437406819433
0.0222859620223196
-0.00104146093824417
-0.0295622755448805
-0.0182814718016736
-0.00984197355065421
-0.0210160646700854
0.0139415751070238
-0.0251384061622776
0.0237107231755181
-0.0138935566995665
-0.00456261049434564
0.0132926999712955
-0.000228116780080437
-0.0185799835763476
0.00249216426477844
0.00197961536212967
-0.00700569625589861
0.0250850773700961
-0.00178619671399426
-0.019545408891802
0.00478562442860763
-0.0148825556776022
-0.0178857356930799
-0.00374208695579692
-0.0152142940716564
-0.0116406505756197
-0.00220290926090195
0.0289503441030572
-0.0224603194528663
-0.0150678414280314
-0.0203170343102727
-0.0278638588266099
0.000427680012373405
0.0287245929752074
0.0149860307370562
0.0209504083239228
0.00714801504941126
0.00105959611151872
0.00534291926619391
-0.00846010039692836
-0.00524713489845667
-0.00725211735916936
0.0233455556068626
-0.021306324484851
0.00440326777460828
0.018806011322156
0.0280936713082899
0.00158955698671343
-0.0220381091494425
0.00795042787113051
0.0104475217579889
0.00846164863555715
0.00390790340672956
0.00821714936576242
-0.00392306462085235
0.0220134429832002
0.011099530043436
-0.0158951066714706
0.0125194592675132
-0.00713551184450521
-0.00133019476861349
-0.00771213719585827
0.00162120784599607
0.00845640762530959
-0.00433520470685949
-0.00456500241032858
0.00468997606750212
-0.0124398749116324
-0.00763825035317979
-0.00872374919953382
0.0180945043293846
-0.003471142836831
0.01489098936246
-0.0148322352109537
0.00503344766823802
-0.00704986408227162
-0.000384882989559769
0.00279462061612145
0.0140700073647353
0.0184762174599838
0.0216653367019988
0.00665644331670513
0.00447819745178943
0.0195403629635923
-0.00864798645004693
-0.0233859353910652
-0.0068186707137455
-0.0209523308436074
-0.00263392678461394
-0.0378166947924957
0.00952274828795975
0.021510117237206
-0.0185511117368243
0.00959538504770637
-0.0360602261035566
-0.0107649951987937
0.00641005603511725
0.01507631423251
0.00172843410802112
-0.000691464916518661
-0.0111395359472931
0.018885065075522
-0.00864762310383632
0.0224650616755366
0.0185594813256542
0.00668624026337426
0.000864824425783132
-0.0119560322867362
0.00955006386975545
0.0055575672816593
-0.00990528943735267
-0.00311693043669887
-0.00995653258080445
0.00675693363970588
-0.010709173124904
-0.00989142285124948
0.016334756408688
-0.0263972283528043
-0.00678498753084772
0.00390269397483162
0.00400746847183531
0.0246300362283554
-0.0073002848381827
0.0159288813132668
-0.0075236005727961
0.0215527355098328
-0.0256453747343693
0.0138235051492
-0.00269011437049451
0.0197308731970629
-0.0203036478018445
-6.25533134913861E-05
-0.0196520289580003
-0.0158449780808098
-0.0040790138397074
-0.0201222464787996
0.0318668976186608
0.0203349726215948
-0.0105140106150939
0.00184765907249952
-0.0117804521635555
0.0358609864095684
0.0373999622538763
0.0241738704739262
0.00861415032914883
-0.0308568056282732
-0.027846637119839
0.00520224024393161
-0.0161960077609404
-0.0137567943912618
0.0102863380953151
-0.0274713651099487
0.00326550407432569
0.00195716602086309
0.00122048874556384
-0.00178099412739314
0.0263897604246707
0.0176868661041108
0.00654670260717826
0.0165011164972159
0.00294778079391694
0.0125943631755503
-0.0157620113960462
-0.00919031117871313
0.0070148515138615
0.00962327612450295
-0.0217565897269472
-0.0165602012727325
0.00463127977638555
0.0200998563953993
0.0204444419497115
-0.00566028808880011
-0.00532473578131258
-0.0427415695142253
-0.00383376905794978
0.00344225778946004
0.017392305743663
0.0110712800487117
0.000907107865417389
-0.0127933780857493
-0.004651516452871
-0.0267049261218325
0.0319115344072412
-0.0241825838541581
-0.0185120028948328
-0.00490935858884874
0.00416612378322251
-0.0116946973226511
0.0320494133035152
-0.00181314214209955
-0.0208699804161958
0.00223964742772419
-0.000359907151055847
-0.015785267640542
-0.000897232451174049
0.00247921395463061
0.00383609314837489
0.00241050422901304
-0.00526363390643786
0.0210147644510612
0.0183260482058584
-0.000940289531512222
-0.0254355843642156
0.0154696764295313
-0.00766398157922588
-0.00110841295421798
0.0152961292404248
0.000720692998553243
0.00207890673096067
-0.0230333398169022
-0.0165152674918644
-0.0119203763004014
0.0111098851466815
-0.0342782266665945
0.00732318248827487
0.0131137754017054
-0.00107886311713827
0.0243724875397101
0.00628488773938931
0.00594191860884781
0.010968422613929
0.0152671923351911
-0.024515216276772
0.0106866971919183
-0.00981166745622942
-0.0104716363364016
0.00795192088973811
-0.00441728906572827
0.0321793723132908
0.00468504916878519
-0.0153972878166699
0.0336837398044951
0.00688491066675599
0.0178543807100796
-0.00374745586029747
-0.0153507342826393
0.0182276181722282
0.00935064941718304
0.0118275702940016
0.0241976639440691
0.0137144470795131
0.0146774362970834
0.0160313234261727
0.0114131204948161
0.0112215146268486
-0.0185828638082957
0.000469183500361257
0.00675030982394247
-0.0285079972619456
-0.0248052198013309
-0.0162752280014569
-0.000506104298863012
0.00333209006218692
0.00993835948420016
0.0107436550246668
0.00906087166818462
0.00770936251815134
0.00992103670540434
0.015396559300052
-0.0139152907924539
0.0104752111471471
0.00557904225917657
-0.0198156404577724
-0.0225473339305968
-0.0222914893669609
0.0180540493170029
-0.0185599810772851
-0.0196410925249764
0.00937630599094632
-0.0152584089455466
0.000521353695470599
-0.0055948984147488
-0.0336004220989299
0.0120348913178586
0.00346828336783067
0.00948499503154093
0.00734113524883424
-0.00602837675909053
0.0177961775306196
0.0214775996681102
-0.0184040181274947
0.0146951999131906
0.0162876643314803
0.00414957270205302
0.0123721468577046
-0.0115729020932129
0.0112156926888283
0.0140999429176393
-0.0180107862129718
-0.0185846799406082
0.00974319969716159
0.00816217354753782
0.00170241504888754
0.0125612206505426
0.0153704528479312
-0.00253845798442834
0.00557844678984121
0.0308784043442803
0.00433196783311492
-0.000355635117077605
-0.000444968894646705
0.00717176608091534
-0.0171147151141724
0.0137437304306193
0.0224059402685936
-0.0108464120124935
-0.0015676591026749
0.00302407030931737
0.0117341782803316
-0.0016043248700809
0.010378601490728
-0.0261719055210653
0.031049499477568
-0.0331727958259091
-0.00384121655369488
0.0261495020246833
-0.00365976657757033
-0.00830883248282885
0.00440724089018257
0.0146465458298399
-0.0205936279107975
-0.00543542872138621
0.0177765100835403
-0.0110637785216519
-0.0042446409843606
-0.00617480401019459
-0.0148510197931596
-0.0238063906174696
-0.0445163823367674
-0.0125602779998344
0.000229576374529414
-0.00391420668309179
-0.00130370262336752
-0.000140219558749668
-0.0139466800807203
0.00118803171538595
-0.0048865871210314
-0.0103253394747847
-0.000631537257195189
-0.0264884016004118
0.0147530576733407
0.0016245775104085
-0.00181781447906225
0.0112919936653293
0.0145283126528813
-0.00839536505626334
-0.0306469051136024
0.00553434275709839
-0.00476480361932489
0.00788715515724109
-0.00530075807301613
-0.0184200977874402
-0.00801999189605903
0.00931630476515334
0.017583817800065
-0.0337595695419201
0.0196619889105171
0.0224223780285613
0.0156293749169683
0.0169791947728014
-0.00293645917850775
-0.00958946760509834
0.0124095017178998
0.00994305437966241
-0.0113940022573528
0.00740195776180623
0.00795266831787735
-0.0208133351179938
-0.0146265221681542
-0.00548685619499727
0.00184144068312386
0.0112762404573752
-0.0136834295053344
0.00866881021287704
-0.00991452825829768
-0.0258851454708845
0.0203138336404361
-0.00612096020649109
0.00751374830645499
0.00140164092789401
0.00892252067184917
-0.0132120978350145
0.000504532455311429
0.0209921053072784
0.00554128966439198
-0.00357512602990103
0.00340456313465817
-0.00877566299185069
0.00198758073003773
-0.0122201424996547
-0.0179344075642201
0.0121565063803322
0.00494571209853219
0.0235622629327802
0.017803339511766
-0.0074375820848279
0.0089578153476139
0.00948865115794402
0.0265441708555652
0.00414652254977426
0.0133239747738987
0.0362959817614359
0.00531834167195468
0.0158491383021293
-0.0176121431113114
0.023410226137857
-0.0077467539927713
-0.00216844486022621
-0.00553249556822375
0.0120269732825058
0.0256247582171258
0.00156150170627315
0.00691617419664051
-0.0197666794997902
0.00564522732425853
-0.00584251152601528
0.0036713603846304
0.0231356776959726
-0.0113193489608353
-0.00476738233475982
0.00525744002805177
0.0209952302103863
-0.0126318370116957
0.0315563469049549
-0.0316890930734038
-0.0260838357127845
-0.0143514467675821
-0.00110613946499386
0.00995254531882083
-0.00622909934851786
-0.0211869773333588
-0.00997980681627522
0.0103313694564902
0.000969580587129183
0.0101860949046852
-0.00144813034055158
-0.0303688616403607
-0.00891215425192403
0.00305581714276009
0.00433516783823906
-0.00111039997462647
-0.0110703340717816
-0.0267220494934628
-0.0437240488954357
0.0165150851820997
0.00777675316663429
0.0205215367481476
-0.00680227818825881
0.0108407690655023
0.00539030630061974
0.00992558122309683
0.00228277024233742
0.00443464651580327
-0.0241818281870558
-0.0102492412616737
-0.00620182120246953
-0.00523861205695533
-0.00997086705448817
0.007872849438489
0.0197694502712248
0.014481366699375
-0.0122701472302015
-0.000899496701554085
-0.00942938044759426
-0.00703821301050723
-0.0104828838498385
0.0145969568814565
-0.00614280943599264
-0.0119035589467959
-0.000780023017341226
-0.0312287369178501
0.00372296278686815
0.00459107131558215
0.0256378338678158
-0.00365589490848567
0.000772825715855189
0.0210535995955151
-0.0183873543150336
-0.0125830901823621
0.0148569861607358
-0.0101014103744325
-0.00125257026155037
0.000954180410782446
-0.0195274595902706
0.000718699335183173
0.0157197659705837
0.000465001880245661
0.0139523339595117
0.00267270953041641
-0.014187823714402
0.00323344464670581
-0.027215804058197
-0.0146047034418912
-0.0265006630367329
-0.00316591408690413
0.00562148687491844
0.00583767951756563
-0.00335561198768287
-0.0155309500976643
-0.0108633857892098
0.00316083603890224
0.0132960123065232
-0.00829150610793737
-0.00108911178128653
-0.00297336789206097
-0.00380751056092229
-0.0141091910540734
-0.00410830150403649
-0.00750895940338559
-0.00905504911210198
0.0154275142302232
0.0124526802767629
-0.000365416956411503
0.0167501555949363
-0.0102992275250126
0.0078321884998652
-0.0166129715353555
-0.00298833033048902
-0.0116946932530053
-0.00719791464809199
0.0104103081625141
0.00686620070118685
-0.009572586307021
0.0124663381735606
-0.00340723375678475
-0.00383059731200877
-0.00327575787461117
0.00514130134009109
-0.00263205381987522
-0.0180439749631721
0.0089482877609056
0.014424517329731
-0.00131184309269691
-0.00231563033225098
0.00587040256525207
0.0266001112135023
-0.0183014625100863
0.00071026438632361
0.0014644278815107
-0.00681911630234513
-0.00879578869503747
0.014102157637402
0.000867434651329179
-0.0059872172588928
-0.0152404027963821
-0.00607471384289034
-0.0138757755181079
-0.00530197722422732
-0.0288453088087325
0.00392966734817315
0.00388864404667058
0.00373596319632365
0.00508635372930641
-0.00885642459092875
0.0172185607591839
0.00597280938345343
-0.00688126867144619
-0.0164429485642923
-0.0102706934774441
-0.0205843445044185
0.0091248251674813
-0.00785915032377896
0.00900725937150825
0.00432862025827936
0.0277415365410708
-0.00938470570405159
0.00594242925901465
-0.010163320324396
0.000851524259197921
0.000527066863126101
-0.00154630746590245
0.0101916860687651
0.00374584544812977
0.00711700530560924
-0.00866167708320043
-0.0106546980566477
0.00417600350355534
-0.0035919579806463
0.00906825960103348
0.00393255425627379
-0.010197064175162
0.00390076982477406
0.0127625524453184
-0.00995168175180844
0.00180782102526401
0.00829309512271601
-0.00790990111019955
-0.0123720464389099
-0.000638862540706594
0.00430469245981982
0.00859066549839639
0.0136681713950121
0.000718660002217518
-0.00490004895512265
0.00385873496639807
0.00716794961307324
0.0145684826101909
0.0105813534214301
-0.0163602230009185
0.0100505830934755
0.0258349432545527
0.0106607178197491
-0.0010001206212966
-0.00474583308561248
-0.0119102879336625
0.0159906897477733
0.00491602281111647
-0.014127488695125
-0.0197778942979195
-0.0134139498766924
-0.00256348985893235
0.0215598831098444
0.0123441501923937
0.019722220668679
-0.0173374470601589
-0.00778481152265178
-0.00196612987085047
0.0166087056297863
0.00730790890041497
-0.00823756324949395
0.00762256470827506
-0.0353457111960857
-0.00509534084707459
-0.00822602205770687
-0.0128327312467932
0.0245362718919489
-0.0111497097283502
-0.00332422005163639
-0.00169474771142966
-0.00585117577524535
0.0024650176228272
0.00115798198331894
-0.0046278698076673
-0.00853242737576579
0.00269854306608158
-0.00598249836821031
0.0027016213474411
-0.00513814648509238
-0.000359682023372826
0.012262330461733
0.00528260741142599
-0.0113815915290484
-0.00771346995641621
-0.00769722480439505
-0.00481270271289128
0.00273100853596799
0.0175433777999403
0.0145647999619994
0.00750637236984625
-0.0121574266493448
-0.00642969715442859
0.0119090849865806
0.0033255427092406
0.00792535640255708
-0.00430540957572855
-0.000928779013965593
-0.0198313812792517
0.0114425648500633
0.00986334352790979
-0.0172038131659986
-0.00888150151021909
0.00253292852228877
-0.00161282314612474
0.00217041007693624
0.00662285849262342
-0.00413065451880343
-0.00154632473911451
0.0109817422234656
-0.00343563007493107
0.00351886816783813
-0.0175241442336783
-0.0303500543353181
-0.00619586807926328
0.00215588536689959
-0.00597645969593146
0.0076401419993252
-0.0054490698760954
-0.00464927858427079
0.00535486769027869
0.00313100479102062
0.0207516496364004
-0.00654864094671125
0.00568997471977643
-0.00134903834090587
-0.00300290677612822
-0.00697686083632146
0.00737133958379073
0.00250654312519812
0.00392066422549717
0.0019675955765646
-0.00868315317972745
-0.00849332232291842
0.0129652699192988
0.00961463528116813
0.0209046329269273
0.00281213234147029
0.0181971192979518
-0.00139754651725295
-0.00334879160690564
-0.00323239066406582
-0.0286439831617344
-0.0111095130930523
-0.000592192511085201
0.0337599987850574
-0.00918293108816198
0.00998156851281732
-0.00827467285165402
-0.00980171613876964
0.01539033001436
0.00190916304533621
-0.00851345659726013
-0.0128355435465617
-0.0103555572569275
-0.0236672306809929
0.00136559429229027
0.00725434038448273
0.0267641520297966
0.0139339384636727
-0.00388057857136887
-0.0149627007059841
0.000934918091993248
0.00605321170537207
0.0019308849549419
-0.00378353050260567
-0.00621869204706366
0.00335445237424153
0.00493654423790581
0.0205841570406551
0.00355102835442388
0.00710571637881673
-0.00146775774322126
0.0145736706317715
-0.0137619250985534
-0.00940502459166276
-0.00770953941316248
-0.00308225708183484
0.00838195674706882
0.0173981897800943
-0.00792050313282492
0.00494417715170813
0.00858426642257339
-0.00576991189992989
0.0166309903760876
0.0034515363890309
0.0114184771296061
0.00196524651769328
-0.0124463479016602
-0.00533665748993512
0.00724553906991965
0.00113101875602796
-0.0186340527684385
-0.0152906594122007
-0.000425748494412012
-0.00552000924104557
0.0151139948214552
0.00865830658085521
0.0063997362519009
-0.00231039009532585
0.0172372132123676
-0.00824383423717866
-0.0134856356765721
-0.0123245063176476
-0.00649394641128905
-0.00502796659442542
-0.00534159626106141
-0.0120239403619149
-0.00154057785344859
0.0010101831821413
0.00870095287702857
-0.000826743489797701
-0.00697920165634247
0.0103782786403855
0.0130233904576994
0.00778366083069763
-0.00477413865316916
0.000162220546048274
0.00266358314039877
0.000532473228539833
-0.00591634520992489
0.00359756734001202
-0.0110275052858275
0.00257954496499837
0.00566976368239483
-0.00091494155268135
-0.0130675390733138
0.00336249440847075
-0.00581457996723146
-0.0137651418103168
-0.00403977968930302
-0.00733285859299988
0.0122914962466186
0.00558601407039428
0.00345850988340292
0.00703042748732197
-0.0138586868389102
0.0194148822603939
0.00558454757813969
-0.0104713103799771
0.000179135897322474
0.0113158418443428
0.00599754427758944
-0.00237477468318656
0.00653966874554767
-0.00423469836815641
-0.00804405895861978
0.00685094688710332
-0.00414337996639806
0.00793914226402259
0.0107905103482726
-0.00439379783175631
-0.00439901149825105
0.00646576811746388
-0.00466803977574337
0.0161794651019217
0.00190354058643722
-0.0174957508977171
-0.0200881149945473
0.00618619492423441
0.0297461286311269
0.0141642558068833
0.00587202509958137
-0.0221151554915196
-0.000536832729074851
-0.00783040313241999
0.00242246787543303
-0.0122333414827007
-0.01243411683364
-0.00846557150394426
-0.0128667240720472
-0.00256434311236923
0.00600983069281342
0.00148532391587517
0.0014329354786236
-0.0040856474550286
0.0028253607087332
-0.00114658092158099
0.0152759021850371
9.15142284469985E-05
-0.014845717844011
-0.00631979335387623
0.00816114800495859
-0.00154576793311867
-0.0130434823156665
-0.00384246949734876
-0.00537616512688313
-0.00220822521777253
0.00821128326738492
0.0181982245635442
-0.00856022404120566
-0.00322789437650048
0.000839958032233688
0.000381118290402123
-0.00292816894498185
-0.00645965888838899
0.011372185757066
0.00353573275687177
-0.00153803086130154
0.0128257538648684
0.012286706631763
0.00288511199776413
0.00871130966342261
0.0148495994954923
-0.0159990880848976
-0.0223785213034083
-0.00208558179095648
0.00454425741983928
0.0031652378385751
-0.00946817614301853
0.00702890570694085
0.000485510836597504
0.00371738672930406
-0.00986977982006494
-0.00295175373207207
-0.00280382845804565
0.00443894663930758
0.019420181441008
0.00256602833980633
0.0052570220626524
-0.00401036247327479
-0.00247643713867611
-0.0112445147703539
0.00914369980628017
0.00488462133863284
0.00901850857656112
4.83680774445969E-05
-0.00961141197403265
0.00336176312639768
0.00119653693079209
-0.00410156741650759
0.00155695691450415
-0.00214936765538449
-0.00146558704680516
0.00645882173671541
0.0101591004284261
-0.00264724570489394
0.00503567194237288
-0.000597298481456911
0.00161582268320273
0.0120491800609618
-0.0086678880107434
0.00764127106419002
-0.0132109437696955
0.0107229156410076
-0.000318740831890797
0.0150593811268553
-0.00377663137725807
-0.00681898236309732
-0.018337987579827
-0.010469726163903
0.0134716633574405
-0.000810943669369949
0.00517538930493703
-0.00636046263851001
-0.00737108011306049
-0.00810339831782417
0.00306721686080211
-0.00254838393851951
0.00222235006968597
-0.00322067555401243
-0.00138774818861203
0.00816022505316191
0.00140430178399975
0.00186283109148705
0.0173060042046861
-0.0150399652960452
-0.00843953419377315
-0.0120202837087965
0.00175784057244202
-0.0105029561376226
-0.00350362777290917
-0.00767898193264991
-0.00118397924540927
0.00444086325263602
-0.0100789934221304
0.00145396030120076
-0.000741231982928888
0.0121380217590531
0.000596396661342726
0.00444054564936418
-0.00371824531795055
0.0075162926371544
-0.00717828580734165
-0.00818747418650074
-0.00856418324619369
0.00343623290639043
-0.00603952419043105
-0.00187165597817091
-0.000683084505867998
-7.0546517269931E-05
0.00177611665182988
0.000897363760560845
0.00214732344783239
-0.000553205714132544
-0.00720372814637808
-0.00856728665735999
-0.00311139145338485
0.00477517439775183
0.00555417655372178
-0.00546728210043957
0.0055867930974171
-0.00371162280918227
-0.000444307736761156
0.00580708178397608
0.003313653114858
0.00574551644115147
0.000818463497183129
0.00270901728037592
-0.00305487498356715
-0.00210417909572765
0.00410271868395557
-0.00234350541245967
-0.00321898966007591
-0.0180924525756128
0.00594347683707397
0.0084996751971217
-0.00019609702852608
0.0125603585017608
0.00627261613622431
0.00203414929662098
-0.00291460924355706
0.00629591273491019
-0.0119910803337637
0.000610138204949958
0.00149462370061966
0.00230396125091876
0.00931733225312852
0.0011959976798683
-0.000748179593464811
-0.00598290851299699
-0.00734453708211585
0.000480196620783599
0.00436369522819471
-0.00698629968897418
-0.00965290022043923
-0.0047308458622733
0.00790947040690058
0.00555160997798762
0.000467936103828999
-0.000726999911289846
-0.00499537347745286
-0.00814461104899554
0.00240228880451433
0.00370041935292944
0.000547638534256715
-0.0130182994162038
0.00221275057071419
-0.00965125980217832
-0.00486831325885418
-0.00495006865325254
-0.00448679961261921
-0.00502425857652339
-0.0112943140704739
0.00752101901436263
-0.00499838555018393
0.00704767591182151
-0.00244434897403586
-0.00636472805812757
-0.00717882415677449
0.00399181016496797
0.00191876975145174
-0.00737405945226082
-0.00244299807840333
-0.00548688228590606
0.0028036623833077
-0.00166660370648397
-0.00401255639365088
-0.00834992023987059
0.00131487843978386
-0.000252732227078652
-0.00182755768626955
-0.00232344386462621
0.00379784347950506
0.00694946020741524
-0.00278269573314273
-0.00306525064122375
-0.00305263089649769
-0.00402471481684468
0.00406396234353738
0.00726488567193606
0.00278516798278278
-0.00189191326754829
0.00154356536534081
0.00167593484537087
0.000268185365325378
-0.00328687776690968
-0.00871901126043489
-0.00057021087495211
0.00289095042144848
0.00131890025884778
0.0048522732679705
0.0102380069601972
-0.00183191753870595
-0.00272012520799052
0.00221908301069707
-0.00789789163402055
0.00249994370354334
-0.00183267061696785
-0.00212621017810778
-0.00480544986563181
-0.00146320361841203
0.00611088411785639
0.0040663122735969
0.00384785767178382
-0.00752181912854365
-0.00222833219863
0.00108970073160811
0.00323252924086983
0.00126993205569041
0.00180588990171427
0.00488229203640033
-0.00453495020774397
-0.00194434270084271
-0.00809580597525699
-0.00227622005780758
-0.00290308136267812
-0.000908779838942362
0.0014221722533441
0.00279492738867561
0.00467534138081127
0.000193693386615188
0.00414851003257497
-0.0016041283811056
0.00211384000344378
-0.00265096392886039
-0.00466495173334594
-0.00625839556318574
-0.000936318342831316
0.0013543013354565
0.00293303224721903
0.00296768734912204
-0.000582243247629757
8.67580087979564E-06
-0.00307149941564324
-0.00193418070548337
0.00359126761089974
-0.000682255330884705
-0.00205774934968197
0.000600369791687373
-0.000655506894662589
0.000199379179444867
-0.000183830230515122
2.8269019455238E-05
-0.00639961220582001
0.00100197178962198
-0.0025428178385178
0.00364217479302134
0.00125266476531131
0.000175792868674848
-0.00295244701154606
-0.0016222030698993
0.00410040758744474
-0.00227724020512389
0.00234861614199118
-0.00375104657213867
-0.0025397085302983
-0.00271766974255431
0.0012727865073086
0.00478202554003149
0.00262826716736973
-0.00200317630687119
-0.00481024035855246
-0.00200827663905833
0.00192438962955503
0.00339180881849764
0.00158111737734226
-0.00121270120794789
-0.00161749448500311
-0.000921035657832078
0.00139500256475982
0.000185474393530522
-0.000203922346821186
-0.000217766877815244
-7.85070016880271E-05
0.000123802127641503
-2.16795048312989E-05
-1.92212699742318E-05
2.84812502381329E-05
0.000333860917093242
-0.000732993126106884
-0.000181640824753538
0.00118856383836582
-0.00146161563482648
0.00056129991959542
-0.00125442000314733
0.00193448755523461
-0.00168102112640807
0.00172493144235947
-0.000910270845458449
0.00180439968845168
-0.000263332796026251
0.00124290814014793
0.00138844294976507
-0.00151426234950267
0.00257530143559684
-0.00247910444094359
0.00104340078087606
0.000623309203513711
-0.00010289272228274
0.000480008117356919
-0.0020146762781473
0.00249141515061353
-0.00210365470367596
-0.0013766904449408
-0.00610629998484934
0.000316379345036194
-0.00250340831080659
-0.00112869310626211
0.00154655229168762
-0.00124813695379551
0.00229121623047135
0.000471538021444047
0.00157857704226499
0.00228404421433578
0.00506999532671805
-0.00134551669142668
0.0065498842236852
0.00567287794089081
0.00266774491589074
-0.00571657356368387
-0.00103392644714683
-0.000544280064791666
-0.00191473057448157
-0.00333249599683172
-0.00274760123624354
0.00244643183841886
-0.0053322316071546
-0.00236386732015053
-0.00415661542671034
0.000494181944473477
-0.00219054875518213
-0.00160277460172454
0.00102397987492932
0.00482899840811028
0.00286022013386468
-0.00772578130051592
0.00356186824815213
0.00153558054826219
0.00834115609259039
-0.00203073340393525
0.00353498906628599
0.00459544759662318
0.000238932094763529
-0.000364432529868589
-0.00194028561008573
0.000519753053506816
-0.00250708499927277
0.00350279929069788
0.00134463682667255
-0.0022083542668593
-0.00339096788731501
-0.00494514691365063
0.00250372647152542
-0.00467137026696023
-0.00417019384865501
0.00132333543084573
0.00260821237701371
-0.000450227504440213
-0.00314824201179458
0.00475197581879696
0.00251963342967867
-0.00408949977552173
0.00375784572907829
0.00243318899810493
0.00537899974289188
-0.00510149390026328
0.00475762075318433
0.00670415458708025
0.00177177712784758
0.00178343577950431
-0.00126583200269108
0.000897912691809531
-0.000205515377231862
0.00274409246149009
-0.00364625285791925
-0.000535032615131511
0.00399509820202401
-0.00360933287615575
-0.00557564571235028
-0.00562806673264285
0.00136490806089328
2.17315552585643E-05
-0.00477736145337372
0.00468419622244182
0.00491010309635571
8.79762446480683E-05
-0.00654463690034276
0.00382648322725062
-0.00527075117081238
-0.000908208556085953
0.00871898748691584
0.00256916089372046
0.00680722600049649
0.00138501039323943
-0.00121593890790489
0.00284576208357335
-0.000938345634383998
0.00356525006624586
-0.000360181415034507
0.00877577118196039
-0.00412531709191603
0.00453827385918805
0.00312943341165039
-0.0016818409571005
-0.009970676308692
0.00117718111398105
0.00392927395186938
-0.0076035889803357
-0.0126364208464964
-0.00542933098034955
0.00187291763629353
-0.00679340750050296
-0.00360359588875213
0.0015723504316402
0.00866859944316995
-0.00459497765666537
0.00719198374047756
0.00423590327249623
-0.00129388429271341
0.00232101930502164
-0.00358330319274178
0.00626188030507709
0.0039358179817473
0.0081538469831368
-0.00437297666839155
-0.00200040599524358
0.00349256862999165
-0.0147386005303789
-0.00592725049126369
-0.0052736317728031
0.00180044811872519
-0.00485102163085896
-0.00157200107553726
0.007603938316028
0.00407837886000092
-0.00673248375336828
-0.00387400618130123
0.00176747869359289
-0.00648315955120297
-0.00154281538845993
-0.00059135571471375
0.0114992621329928
-0.00507979737576218
-0.000705456305079841
-0.00508315707045096
0.00103637620345661
-0.00228754650788636
-0.00125038416953862
0.0080225409732747
-0.00354389514422576
-0.00609668017581558
-0.00120194278634958
0.00971435624469804
-0.0101542020326142
0.00109327735162906
0.00296240257484649
0.00201502607866806
0.00427298705696474
-0.000253805856597212
0.00222468520876608
-0.0115686748390555
-0.000930259045489611
-0.00552758203023023
-0.00370820436104857
-0.00304689992277254
-0.00431019164640915
-0.00305609546582719
-0.0126508058341499
-0.00387793883667736
-0.00775099923724423
0.000716691470546624
-0.00108623314973852
0.0154382601925844
0.00406481436902612
-0.00435902628691454
-0.00589566104336179
0.00385006330336145
-0.00173171212295058
0.00310616226068166
-0.00338702991584009
0.00100911623718353
0.00637369988717557
0.0103173300259527
-0.00821888809702949
0.00391720284975883
-0.00366210367394767
-0.0101515772005438
0.00638587004052166
-0.000221968546202276
-0.0094844062719233
-0.000775182997345462
-0.00703671697854726
0.00827354669499095
0.000112867303841229
-0.00631645446220598
0.0094344054238325
0.00409921923407538
-0.0050371708955159
0.000122301448992102
-0.00276822841670165
-0.00923362598024626
-0.00810202882431099
0.00579065844788646
0.00856463719536639
-0.00642013833026038
0.00455736660480866
0.0120021135766867
-0.0133047472038881
-0.0014069025209257
-0.00135997211281909
0.00508119148666959
-0.0136038598062681
0.00894022479843729
0.00379827586752771
-0.0026442524105254
0.00174616198644087
-0.00167942229685582
0.0164142325837402
-0.0017284824075774
-0.00902334750527406
0.000694381701281198
-0.0055807843526001
0.00294685107914814
0.00390038730409971
-0.00460398740791744
-0.00141351934851837
0.00258493688690457
-0.000955018404608306
-0.00472257262537316
-0.00567083806666632
-0.00219527106010103
8.11385004674893E-05
0.00490442091057128
0.00143818127461294
0.0024062558992816
-0.00425462754448492
0.0111161917057345
0.0101308633012872
0.00568305563596838
0.0101759077763375
0.00425632967461854
0.0177045512631555
-0.00155220570930891
0.00481641917427857
-0.00490034620617942
0.00363645663057899
-0.00995509418390752
0.00187100306673519
-0.00184758517941812
-0.0116836799549622
-0.0156433301728408
-0.000568150575104285
-0.000446823730436536
-0.00702283404413407
-0.00740701636279264
0.00403945278518815
-0.00455533980433167
0.0106379350161261
-0.00265569140574041
0.0154329073543545
0.00549900776868067
0.0101646460192582
0.00531477950575611
5.18181002642507E-05
0.0074104850934401
-0.0212733563795332
0.00280919969405904
-0.0114454276778616
-0.0090862447354604
0.00296411636044761
-0.0025179707298088
-0.00420171661028551
-0.00563373266857153
0.0135849128380686
0.00853946773107036
-0.00126335073235323
0.00313690694101138
0.00119881609250801
0.0036415439834239
-0.000739240362966162
-0.00290706250539325
0.00460121066028522
-0.00191163440638163
-0.000373769807440754
0.00693872097122716
-0.000199701712737204
-0.0157924703441637
0.0146525427804871
0.00825152155939749
0.0125588400511696
0.0113553858018786
0.0167969317453423
-0.00899055389550191
-0.0117541785873562
0.0013259803885632
0.00486491899281859
-0.00188638879349967
0.0171478750459307
-0.010712858993951
-0.00995350673697608
-0.00427826124363577
-0.00548017349787933
-0.0152132543275095
0.0034888428186873
0.00648529068286792
-0.00589435976988947
0.0126978177050467
-0.00465842058238395
0.00141126880385255
0.00112160457207176
-0.00397699353357433
0.0107267798194594
0.000523385700335905
0.00720661050111343
-0.00313775582438605
0.00239168612197921
-0.0014787928394628
0.0123349573304726
0.0177006694004568
-0.000467301660449997
0.0108905496766375
0.0110575431756925
0.00801446804149614
-0.0100625933291464
-0.0020052691432876
0.00234310456139345
0.00121492654466494
0.00473547460174075
0.0132084928181687
-0.0241724512036718
-0.00326890854882692
-0.0088114680571456
-0.0150107533757861
0.00257258782804551
0.00722578491281269
0.00566741809563345
0.0123317845574971
0.0123560944576695
-0.0150372224947114
0.00523208695616783
-0.002125590025395
0.0144182953997115
0.00526282643356225
0.00778171400786987
-0.00602084528110191
-0.00975349778579328
-0.00183747993620362
0.00481335590069511
-0.0023517088717884
0.00136594773215483
0.00368104075900693
-0.0126242489791839
-0.013129058409311
0.0027652758263681
-0.0164258539624782
-0.0111791025815764
0.0144544637619171
0.00174479417068561
-0.000740663587477182
0.00107272018621679
-0.00802921317874473
-0.00861418307984792
-0.0128534291290853
-0.00214445658061972
-0.00831570990693633
-0.0220720757813101
0.0157928562470302
-0.00623777050372682
-7.50928704457318E-05
-0.0063259374367843
0.0121066646982075
-0.00929603133329905
-0.0087167442558301
0.0360831538787078
0.00128899203229535
-0.0109196184898993
0.0181660238757562
-0.00736980149169229
-0.00747969690081736
-0.00242476686019525
0.000607786286386686
-0.00196052083919484
0.00834165713047408
0.00403803858768327
-0.0148571721947213
-0.00891929878097776
0.000174336052880774
-0.00341626927253197
-0.00589284094031389
0.00320797520330694
-0.00529513915665553
0.00135450530883314
0.0141703808878784
0.0102837831823473
-0.0102978007908662
-0.0240540924373863
-0.00128792693749157
-0.00614845054249541
-0.00232335400385499
0.00326266274872674
-0.00663448923071959
-0.00210707735743575
-0.0236326262867708
0.0162104580567607
-0.00449262265096119
-0.00589665202531526
0.00902705759940915
0.0129119077466907
-0.000596916215120105
0.00745300284447349
-0.00972577127625543
-0.0247952156134892
-0.00553947601432252
-0.0157003892172974
-0.00857494240023229
0.0106942893593597
0.0131476162275805
0.00369249548979991
0.014593562948168
0.00831207694788371
0.00896873430252385
-0.00318194460285638
0.0228902247472309
-0.0201213816430156
0.000507904323849051
-0.00565026700074383
-0.00851371288700393
0.0190563541592544
0.00329743148903493
0.0181404474600591
-0.00235256194348235
-0.0124756354116188
-0.00460760610964893
-0.0145805842831225
0.0101924329963208
-0.0117748895977848
-0.00642047462493215
0.00913228683992075
-0.00241427125542724
0.00540527607982542
0.0102751615680493
-0.0125106108300272
-0.00792476603419936
-0.00432005328413427
0.00382999443958924
0.00539183117409747
-0.0302938008397576
0.00494150195208734
-0.00997389955609584
0.00794192263844974
0.0175574855576204
0.00118560327999603
0.0148342624319245
0.00347676624519013
0.00831273686857512
0.011834803095553
-0.0103564935973938
0.00506639943426198
-0.00159206810562977
0.00732789816638897
-0.0105646014132199
-0.0042143989245005
0.0122996709418445
-0.00544654217393854
-0.00412898193824119
-0.000940035240823378
-0.0115587788684762
0.00758514483588097
0.0103974784516566
-0.0265507237622313
-0.00883512824140262
0.00518137955750813
-0.00568747462139204
0.0156066126946085
-0.000150303847348331
0.00478660659792199
-0.0016773054386716
0.00794134387874662
-0.000352489804032966
-0.00806911731914168
0.0119988817396696
-0.0142794291541432
-0.00697553927839749
-0.00947969007873482
-0.0136521407028491
0.00529013016194151
0.0241982787781111
0.0095665394371829
0.00796754375879198
0.00344453432664796
-0.00313326085727314
0.00559887704265628
0.00164600662648611
-0.00518478188313799
-0.00632905734101215
0.0147827812824883
-0.0127216322932217
-0.018216097662368
0.0153230262384767
-0.0212048985493427
0.0117731826215234
0.00271569703303132
-0.0234467303136291
-0.0114021401126067
-0.00803589615488026
-0.0135549353496752
0.000132229230438877
0.0106566194844002
-0.00817768551190314
-0.0139910992764378
-0.0025877516649673
0.0101208312150548
-0.00921065150366904
0.00780338222202381
0.0205052363071384
-0.000593493924239864
-0.0125372486620729
-0.0158596351740506
0.00296524270654427
0.00178494601035346
0.00508278130525513
0.00942981225180491
0.00486936704752515
0.0129215103512371
-0.00837966429027807
-0.00456589166956758
-0.00647231895592358
-0.00994175144756844
-0.0227492380065079
0.00246871332220631
0.0102914230255936
-0.0025221604129042
0.00756258234776798
0.0029470301351788
-0.00428188080519931
-0.00196519231795325
-0.00508983415872356
0.0227288124871665
0.00201583240689177
-0.0041091933529073
-0.0152939516645552
-0.00566783476491152
-0.0117642918696373
-0.0180147192439514
0.00418312949473523
-0.0101586345110858
-0.00354847530461154
0.0101259104402917
0.00225590055962255
0.0230117487120545
0.00402385860231297
0.00631068769162296
0.0103877150590603
0.0100985962425662
-0.00420173145951684
-0.00483245306138546
0.0181516337941921
-0.00925187459488899
0.00619884932884441
-0.0110207225611371
-0.0222131777643418
0.00198144604859334
0.00883199476366805
-0.0220673536499125
-0.00424872173249242
0.00476968604374924
0.00059306403172997
0.0018158990334856
0.00784201226584026
0.0196481375262635
-0.00635681565394649
-0.000309671325707675
0.0106750192042182
-0.00732573535431155
-0.00912777243250556
-0.00485773802545267
0.00693844798743884
-0.0249122364025744
0.0110587563690925
0.00220692765185459
0.00431450193183221
-0.00102424139900973
-0.00359384879492275
-0.00526279461951866
0.0151268403296666
0.0151504965558168
0.010692788759919
0.00917069971926411
0.0131948539809077
-0.00260106448819294
0.00141959154805814
-0.00515409661469346
0.00390011366623497
0.00124276817079718
0.0238225842664034
0.0190821149887637
-0.0136822899946702
0.00239160528779503
-0.00450267304548951
0.0142905622126053
-0.00508915367719488
-0.00718408469975432
0.00909181567413396
0.0126865873390726
0.0142156007681826
-0.00666010333390715
-0.0253771110807981
0.00536361298392909
0.0207731442682028
-0.00171747774052649
0.00387120364001924
0.010805403636567
-0.0225409484322286
-0.0155273692733903
0.00724730869562556
0.00162213694870486
-0.0202726254407062
0.0160415910767413
-0.00861263194779824
-0.00436808936952024
-0.0121466470094759
-0.00159097727872246
-0.00356495973292331
-0.0060067660986444
-0.00283671521275971
0.00910140958421482
0.0213035039742948
0.0184866568400014
0.0147189281921291
-0.00213465910947187
0.0241604724749786
0.0167950535780535
0.0161515316881231
-0.0116111575028444
0.0204935805391589
-0.0204160429331675
-0.00619673099599694
-0.00102732855155617
-0.00974541230282712
-0.0274427311680081
-0.0214834929275706
-0.00144311820794105
0.00456226555688139
-0.0113235507533445
-0.00788168581838072
-0.000435198604743821
-0.00164570261212152
-0.0148549365725227
0.00463232938176744
-0.00409216322417081
0.0297494013099336
0.0128895642070685
0.00203304808643679
0.0057129094903875
0.0281260885532664
0.0135740118753548
0.00896081707009643
0.00492002470772694
-0.0192514478765712
-0.0221017949612841
-0.00718940508807777
0.014399975771098
0.00481974252470338
-0.00227409684614072
-0.0156982464197842
-0.0203747907975952
-0.0175207959719953
-0.0013551697089464
-0.019553738693717
-0.00388763552225974
-0.00980549205205051
-0.00222737785853315
-0.0312946304355633
-0.00799616611438607
-0.00370180768850099
0.000673694907140697
-0.00266183227063989
-0.00425638172651473
0.00336749749128235
0.00256044620850308
0.00989309258106013
-0.00797958590218517
0.013329205487662
0.0169364223102445
0.00662657757645833
0.000563577839245497
-0.00537734482546569
0.0168049145278013
-0.0093784131477211
0.0130027536823979
0.029257052045803
0.0119618935379777
0.0102711202868138
-0.000868666002496219
-7.61930459658846E-05
0.00532780263641494
0.00128460946110003
0.0376223499630882
-0.00779016075190583
-0.0141428611895447
0.00190528377517879
-0.0261359424110084
-0.0114945923652383
-0.00808625790681659
-0.0200763897629887
-0.0290886528315603
0.00692494902168863
0.0015622158618773
-0.00854006205337782
0.01566870719321
0.0214757437306572
-0.00177451454900446
0.00649254401207304
0.0179652535239716
-0.00237083777148079
0.0244283192794389
0.01204700348798
0.00692996119440603
-0.0212554935368868
-0.0205626875669589
-0.0102672109065509
-0.0189006887184676
0.0156766944583097
-0.00771278399702092
-0.0240086980931283
0.0110092718824981
0.0185866394145019
-0.00408507825259034
-0.0233143252974051
-0.00244328748319403
0.012574181468781
-0.0104528546746998
0.00900454605801033
0.00596052137576315
0.000922997699765246
0.00546703209796752
0.0117065733326472
-0.00759746645132823
-0.0163085332237445
0.0148802184131796
-0.000890292410973845
-0.00222291642351284
-0.014057753406704
-0.00351096901278829
0.000932772811574596
-0.00917923149324517
0.0113170739851314
-0.0145342347970758
0.00609465250692698
0.0162144003174364
-0.0110757319282553
-0.0258619004390387
-0.00798940644657177
-0.00375442015853941
-0.02527193085043
0.0161173137452333
-0.00701486748666943
-0.0132787957897772
0.00104586440510334
0.000676720850600116
-0.00548209387281205
0.0099653988039705
0.0250840659827517
0.00778010579574019
0.0242306981685549
-0.0134705892989578
-0.0133618005807722
-0.000809649193647778
0.00638569245807843
0.0156472255782284
-0.0163776936918373
-0.0199165546800803
-0.00273026947395392
0.0014313624913175
0.0063621953333038
-0.00309856040470507
0.0183107881223217
-0.0147644257588268
0.00481473009758381
0.00214485635441367
-0.0315460816234596
0.00340998618228088
0.0176947830488655
0.00635491221477988
-0.0199090345591512
-0.00337061180625014
-0.00423169285818457
-0.0302439112573228
-0.00010153846859242
0.00789799695298347
0.0249672849307254
0.0098391263137289
0.00929898582388705
-0.00600507640523424
0.0239501107373027
-0.0005395923320651
-0.00945818465007604
-0.0109740295924549
-0.00565947565521667
-0.00396653616864049
0.000903368994124024
-0.000797378053902443
0.000144705484326715
-0.00770834318110715
-0.0172802819013833
-0.0229924303530231
0.00805099560416727
-0.0191977746444921
-0.00351174083636654
-0.0078746877958791
0.015683879877742
0.0306901213893556
-0.0537195346605395
0.0037535527104214
-0.00421645391835388
-0.0103943128296566
-0.0128581176776987
-0.0154033838408282
-0.0154743532120104
0.00508146761467191
0.00267973343612048
-0.00938039022930265
0.00296039649446001
0.00294501064924266
-0.00862502324071783
0.0105801662115497
-0.00525146068795351
0.00106197589354218
0.00832639060873416
0.0137184882674435
-0.0123507015426951
0.0106182968645372
-0.015359078920096
0.00084595039847739
-0.0150322989969172
-0.00465030903464667
0.00505103863156419
-0.0168429627199029
0.0225103643318571
0.00580540921565881
0.0252427078960087
0.00649950658273374
-0.0351729769878866
-0.0261016736619442
0.0164576823463954
-0.00125365489664035
0.0249946660957272
0.0065912728630725
0.0230388391332628
0.00798669622453786
-0.00520612005861251
-0.016385420139715
-0.00245366411789889
0.0304062904835867
0.00278837733970312
0.00250893376532763
0.0236962156559295
-0.0164142883086984
-0.0494055072047317
0.0176273386685124
-0.0183137583965583
0.0194450243407341
0.00566016000139307
0.0111828703519671
-0.00946405794784915
0.017658988155988
-0.00948261487165128
0.00235081596588865
-0.0107657955579592
0.0163264124322073
0.0138309594607225
0.0171678500740616
-0.005408305774793
0.00514031320412307
-0.00295748774203044
-0.0129541965152509
-0.0117997964888336
0.0262134780294815
-0.00591771027539287
0.0077724135375527
0.00614680259310677
0.00629927897064872
-0.0163837436006004
0.00809003602594805
-0.00351906321347206
-0.00562248552198847
0.0257301516384185
-0.0215309852381676
-0.0358560476284127
0.00774201831041014
-0.0095438568314977
-0.00356720702038535
0.01247141279365
0.0188845795274269
0.00558007033693915
0.0155014556525558
0.00751294167296264
-0.00128192051635617
0.0306185016870626
-0.0297362455086695
0.0100558480499512
0.0052584210918527
-0.011012285997527
0.00145790832340131
0.0133636019317032
0.00827222764530325
-0.0120080365932061
0.00281377628309553
0.0113906983752802
0.00986187757280083
0.00965353027106456
0.0132245768691451
-0.00584002731605284
-0.00871603844500672
0.000411816774906997
-0.0116312466139294
0.00170569091592793
-0.00471268615606609
0.00605363083108041
-0.022353180789865
-0.00661797162958169
-0.00760414204027926
-0.00472060211098934
0.0191187128193608
0.0158080591120287
0.0110987895762707
0.0133965639674722
0.00929332355364129
0.0128384898830034
-0.0107658153440775
-0.00707186365202787
-0.00282317534756554
-0.0106873593594367
0.0268851098138402
-0.0227121897322068
0.00292688447877215
-0.023487606640053
0.002578101949527
0.0522452690311604
-0.0031194661819319
0.0108037827525362
0.0197420209075253
-0.00441832853255151
0.00231867024608559
0.0361200615836742
-0.00321563852530703
-0.0225525966789289
-0.000394207348654761
0.00204082369197941
-0.0185454879452951
0.000421896938122288
0.0143739966787569
-0.0411965581372598
-0.0184350149976358
0.00116304549003123
0.0206969771111976
-0.00547582981180694
0.0171012919878613
0.0065602471001522
0.0334127582430507
-0.000139185165753946
0.000373539146674614
0.00935819342602133
0.00297845116137407
0.00625552551188763
0.00838984536194126
0.0124116301598299
0.0342724620664623
-0.001068206685869
-0.0099630586483724
0.0263922835641523
0.0375871207079
-0.0284572931106752
-0.000280862593547793
0.0264025223252375
-0.0216943828196897
-0.0263100188074161
-0.0030324831539708
0.000904457432670452
-0.0178800037545176
-0.01055437446989
-0.00539025726803462
-0.0270431473804098
0.00411758050605575
0.0496969430783841
0.00898807589116492
-0.00206884268081368
0.0216328067600847
-0.0177107295422909
0.0218395059363817
-0.0202341670328298
-0.0169235977087268
0.00452712674305644
-0.00177102718635386
0.00825356966837218
-0.000517050397726185
0.0117874542077697
0.0279425882801846
-0.00454705355067361
0.0222581086799842
0.0152734746766959
0.0178743772444669
-0.0164015221983772
0.0367326033667062
-0.00565583911420228
-0.00468870982120772
0.000141564301427699
-0.0103215827785434
0.0101575885015373
0.00888270860053895
-0.0224794170989942
0.0132836588515233
-0.0313644157173664
0.0172503327108415
0.0153656418122691
-0.00474207259609812
-0.0123821849940643
0.0111384212389711
0.015303640661081
-0.0247418489078672
0.0225563100545407
-0.0362253771709893
-0.00866845862838198
0.0124103543885313
-0.0162135541435595
-0.00905012845133946
0.00976816582824045
-0.00452041571890638
-0.0224465681016575
-0.00158585112709557
0.0198350286816175
0.0090360466452369
0.000583420486925203
-0.0133080683258122
0.000439765545816434
0.00546297173847655
0.0252691446034812
-0.0163019463288198
-0.00455419471287801
-0.0303866910598125
-0.0146235660910769
0.00386085728047152
0.0291220432493138
0.0386852576616094
-0.00511417311806457
0.012341346935329
-0.0260374339487298
0.0100984555546958
0.0160971786425035
-0.0110800099824802
-8.88186504233624E-06
-0.0097775693711629
-0.0107473471584284
-0.0257769570288064
-0.0292719510049079
-0.000845708191766598
-0.0295925748393076
-0.0174087744117929
-0.00479834235416653
0.00561028586983187
-0.00311883286384307
-0.0493671762253925
-0.00749683727310152
0.024725801180231
-0.0117791985130968
0.0152509830372447
-0.0235402395406987
0.0118864395749418
0.000796510049881044
0.0150043212036973
0.00804588979401603
-0.0152725248274738
-0.0039106155148202
0.00521816106033663
0.0252919593056715
-0.017152489260326
0.0059699499868659
0.00438225750912955
-0.0193735444055308
-0.0144682571965826
0.00687622681031408
-0.00583736545851731
-0.0122292133430534
0.00360198801545046
0.000859308478290153
-0.0329162783309229
-0.0116251725521192
-0.0176406717408071
0.0205940083433809
-0.00961112398879517
-0.00094922842458394
-0.0110515671253767
-0.0058766838224716
-0.0142855493509708
0.0159858673510119
-0.0351864414857455
0.0227111023924966
0.0205394502198938
0.00787350156269277
-0.0141754569350051
0.0389158975142973
0.0264293616423801
0.0131209873250584
0.0137228765062382
0.0137054277950665
-0.00328065652194396
0.0116308795556775
0.0228775821023952
0.00530088348463884
-0.00698748410515774
-0.0301459486400539
0.000467991262867496
-0.0340795833095171
-0.00749335824550996
0.0119070913105052
-0.00264143045604082
0.00865938815446903
-0.0208002853995889
-0.00242339571019251
-0.00274022787143095
-0.0206277121923114
0.00268670412999365
-0.00358316986491259
0.00422234276044532
-0.00636011938939778
-0.0304718176352652
-0.0256273353901668
0.00756702540590227
0.00622936904772258
0.00955767146801531
-0.0241907468441715
-0.00169823195046308
-0.0132555829800922
0.00985707994857813
-0.0104625461982491
0.00243988028233934
0.0133336366079692
-0.000387938912268136
-1.74297566941394E-05
0.0172941291349453
-0.00843178341047986
-0.00665600179955422
-0.0080318070740196
0.00879820491404912
-0.00635744636350058
0.0152439587516202
0.0118852259769715
-0.00311408002074919
-0.0166483971873741
-0.00801733408343886
0.00868227402958599
0.0143308979689123
0.0331574825296038
-0.027608087253124
-0.0108173764026096
-0.00917530343902803
-0.00750501347700981
-0.0161019582829656
-0.0201439423398035
0.0293451891232517
-0.0233580787332931
0.0264426001538467
0.00287774637216897
0.00646740203787136
0.0237841093295243
0.0235224306907028
0.0130372378688344
0.015906762667229
0.0193831132381528
-0.0143176555041788
0.00527060360334563
-0.0291023601066848
-0.0174348360838139
0.0230563011611367
-0.00735077885942306
-0.0139557171725528
0.00298342023630139
-0.00047800490938955
0.024374637495955
0.00434707018924232
-0.0288983220201613
0.0221472197339338
0.00960699714174772
0.0169202245912321
0.0235923513929306
-0.0209365280965643
-0.0197698734565114
-0.0185109089518254
0.0295846238329735
-0.0267496188345406
-0.0081398600398314
0.00974517854280644
-0.013139913230396
-0.0175493367433852
0.00566568527642145
-0.011378165221898
0.009161382886438
-0.0193531117689428
-0.00646283327129075
0.00860619854221318
0.0174409258026373
0.0206736202787633
-3.84080267899343E-05
0.028103285782432
0.00649661646909415
0.00746863620467643
-0.0171029063924403
0.0155257592444501
-0.00842225855825406
0.00662613805833742
-0.0118116313208363
0.0259820506995918
0.0178767329182529
0.0131308659836935
0.0103671852935586
0.00515205795044813
0.0193698829282121
0.0311679498654513
-0.00813018052698268
-0.00672298873061257
0.0286173882418995
0.00624827622715
0.000175492246894711
-0.00467878623358418
0.0142148643344152
-0.0072757142949378
0.0204324419340357
-0.0195999272012857
0.0227959029896532
-0.00349150741966067
0.0145093271079488
0.0122238972874416
-0.013335095356122
-0.00566618289667284
0.0377643274354646
0.00370089328772658
-0.012344272486714
0.0134275594507169
0.0405626213442184
0.0163582136077911
0.0371618798605466
0.0245113049926509
0.0246712717127607
-0.00872155430126319
0.00879088041938767
0.00713535734486994
0.0381840495656051
0.00906382244331152
-0.00476567335787381
-0.0413632142372116
0.00321088824235431
0.0176246404398486
-0.00806738271351097
-0.0152936082535028
0.0326562061778941
-0.00585997275279727
0.0021934061975324
-0.0221838913146538
0.0145312545381173
-0.00262045228457385
0.0199299490014145
-0.00810096446168891
0.0146865368673675
-0.00978061791274062
-0.0135577511590992
0.0169340592055647
0.0047613711899552
-0.0101289566027042
-0.0106463588727515
0.0133874303984142
-0.0450508462094799
0.00343724359621716
0.0249341811954697
-0.0258391515727862
-0.0131931120728178
0.0175712657203341
-9.52514513655555E-05
0.0110475114816175
0.0169400891742744
-0.0154922101192102
-0.00456989911086617
0.0244043450272786
-0.0159874003499914
0.019427860934007
-0.00154181083528048
-0.0262205216213093
0.00561137641324704
0.0261968080803659
-0.0281375762533798
-0.00880543922784254
0.00352129665089454
-0.0132786728636716
-0.00558806379560447
-0.0267416205839908
0.00224727025509008
-0.0088356970902162
-0.0115660771152357
0.0015440446546143
0.0180992586793531
0.0114301434289678
0.0239690468183776
0.000853837952250733
0.0246588554781071
-0.00511798067294684
0.0411954871518614
0.00886436411443142
0.00433506556193086
-0.00510074243539711
-0.0175766452344986
-0.00873434211928773
-0.0128676212500494
0.0258082495785359
0.0100765818610783
-0.00478535030463642
-0.0127597599225114
-0.00323837266889935
0.00191444208588049
-0.0175089553961112
0.0227168848041946
-0.00255194663659323
0.0264224342951948
0.0237532323715752
0.0104481264871245
-0.0250536794831489
0.0273873339804276
-0.00920011077531923
-0.013476720816142
0.0120088158901017
-0.0177488375488125
-0.028923104659216
0.0109627110981274
6.61524850613026E-05
-0.0254256717091785
-0.0247821796403197
-0.00404646721933294
-0.0166153438044563
-0.0203521729137997
-0.011313102937574
-0.00848907439092102
0.0130978965302299
0.00279700101491829
0.00430536551689735
0.00525741223354243
-0.00368281246351453
0.00118907128787529
0.00633220106938582
-0.0163447440193621
-0.0236844261547022
-0.00399127964680898
0.0261124096409932
0.0403706844455916
0.0227004278308763
-0.0143084710749173
-0.00852399819419845
0.0125640168098435
-0.0151712487461783
0.0205339515329724
0.00338464451658147
0.0119023624598069
0.0417190661081401
-0.00295952928699286
-0.0127754651996894
-0.0245979866240112
-0.0147639507326431
0.0138444261626586
-0.00170463409800129
0.00104400559435663
-0.0211474546512868
-0.015762709510301
-0.014185214127859
-0.00149129749157881
0.0168383023799503
-0.0350603544640429
-0.0201834373078926
0.0390397095007066
0.0235749977158754
-0.00946400545176247
0.0328439379277433
-0.00677585131626059
0.0128795055361881
0.0162245247367398
0.0212634802480015
-0.0167147626280409
0.000796925179056053
-0.00867997060662169
-0.0108799692740783
-0.0105260537914449
0.00661323076201558
-0.0278667361664757
-0.0181854604815885
0.00538165039964617
0.0253869763443306
0.0220888982343796
0.0100930087938533
-0.00513389849402147
-0.0356038923643435
0.00826440018309992
-0.0439942570617347
-0.0123417482530542
-0.0327742065522277
0.033851984789431
-0.00101678444002254
-0.012192532870305
0.00339320984691843
-0.00318270319985474
0.0107522546627291
-0.0180001239401267
-0.00761148002095117
0.00276602604087047
-0.00657654566908379
0.00790066181852222
-0.0263697736767229
-0.00137744141090624
0.00325216935927331
0.0209309668198583
-0.00985071677111765
0.0357541797186662
-0.0105272660040277
0.00395783851466881
0.0100069752653684
0.00177926635951466
-0.0148308971761212
0.012066184326698
0.0281284297122891
0.0107093166415779
-0.010992935364787
0.000232714235543981
-0.0160598729168945
0.0101205483306855
-0.0071678678811134
0.0168523390610967
-0.0259868457114843
-0.00874911624320896
-0.00594201248710283
-0.0339941776082602
-0.00808790850167175
0.0138351018579744
0.031220015145563
0.000979514290999464
-0.0261165811519074
-0.0115413490483104
0.000474423865519853
-0.00416340112455964
-0.0213512621291446
0.0315446507842491
-0.00446884190900022
-0.00189833935929672
-0.0303133111026169
-0.0130031818529971
0.0195833951019766
-0.0305822507949207
0.0152701831388722
-0.0178329076555126
0.00435303008282313
-0.00912231716468099
0.0252149643732207
-0.0143386009254556
0.000229002808526912
0.0241506267582148
0.0246775851569931
0.00990954712786229
0.0165443404624694
0.0202159406529967
0.00125808167644085
-0.0182573804193318
-0.0103059599608417
-0.0145221383996719
-0.0145026537417481
-0.000364321790673313
-0.0148656872926107
0.00269893853335925
-0.0227221980167849
0.0256272375602273
-0.0288310025133725
0.00899296683659409
0.042220084499321
-0.0336483322795058
-0.00634238865378369
-0.0333067464461307
0.0400789655825734
-0.00366458537452576
0.0350953502098507
0.00992349772181694
-0.00480159278453667
0.0442407035848216
0.00058306340436126
-0.029529029983374
0.0171157964528915
0.000640279805875395
0.0252921763756176
-0.0140738586161802
-0.0291260334785434
0.012195078499326
-0.00732162930776642
0.00717275690898568
0.00801914582870184
-0.0228511584022847
0.0194618796953334
0.00296190646459993
-0.00981471889917403
0.0057461187336144
0.0113911760274101
-0.0035261665264242
0.00925447785100006
0.00379869493639405
-0.0044484762217571
0.00818333304679732
0.00542049126291256
-0.0129694086244915
0.000319073796331368
-0.0294415631549744
-0.0207113008984513
0.0103746766974772
-0.0207589621089924
0.00570444041254469
0.00861158518323856
0.00279533745394397
0.029331028247243
0.00412346184206959
0.00536176504887329
-0.000561039104604875
0.0136202805821373
0.0472786508911538
0.0404529621842385
0.038407213088781
-0.00813908780682443
-0.014117637853038
-0.00423899587101326
-0.000802966195159618
0.00716394901035301
-0.0342710645203392
0.0061628790057764
-0.0140822394254816
-0.030814052175826
-0.016920218642792
-0.00297494989059525
0.00351965330402472
-0.00886370159411627
0.00870361545883094
-0.0141802413967947
-0.00241580687641939
0.0362339759382194
0.00918341889373162
-0.0326300004878428
0.0134274606564334
-5.64969458144427E-05
0.00700794157420456
-0.00147166888143952
0.0244656304244026
0.0158148923411967
0.00118493644268413
-0.00795482319794455
-0.00434127655706326
0.023979316200074
0.0119056777259884
0.00655718739168662
-0.0235668723808329
0.0240086191717962
0.0210506628811546
0.0263065274882909
-0.0135184115439827
-0.0179467409258188
0.00408266010798593
-0.0118206359349467
0.013165109667575
-0.0203624333079613
0.000900059331543089
-0.0032691562545927
-0.00227505428731089
-0.0198780484349368
0.0195562525504973
-0.0340285680941906
0.012563838132253
-0.00186164024596026
0.00696740736995187
0.0241716145560504
-0.0147867867798548
0.00682492746953112
0.0207326600025536
-0.031198560353788
-0.0317482381567274
-0.0259895084012631
-0.0210795757735297
0.0115525836818176
-0.00442069138143469
0.0104476024407945
-0.0109051543888315
0.0325803170310381
0.00617183822351097
-0.0112723812360334
-0.0103924601657256
-0.032363610334517
0.0142540780872646
0.0104871247336588
0.00968471740842931
-0.0119801330592403
-0.0129603874595324
0.000383326233987941
0.00308719077994336
-0.0191492555249887
-0.00136714649626466
-0.0423019598437369
0.0381616301408965
-0.0184102760178372
0.00148568737477641
0.0239927373077497
-0.0508425904513534
-0.00816635961836009
0.0109970350109757
-0.0189859128931179
-0.00592615448866266
0.0439869717894828
0.0200403961408704
0.016821016411035
0.0372387093121154
-0.00296520878779073
0.0375389543034121
0.0135895696986311
-0.0142297737120096
0.0027409747150796
0.0302636072796945
0.0199013051153664
-0.0208768899992565
0.0125181093746276
-0.019539883934103
0.0252898111307506
0.00357668577376904
0.0308854218903032
-0.0205880897557304
-0.00433612842303229
-0.00514453576135558
-0.0141262830764154
0.0042938680085415
-0.0119389011010057
0.0156888936137428
-0.00689066594615996
0.0160554453105159
0.0256309087913253
0.00205923500118077
-0.0277020702162634
-0.0214640922298141
-0.00575862599694729
-0.000911563410184838
-0.0134436514930281
-0.0103744223715129
-0.0194749014261433
-0.00368296466775098
-0.031109377301296
0.0133775058578666
-0.011392732454804
-0.0089298744788908
0.0527145730119493
-0.0137903822392253
0.00784881157738326
-0.0306794250890028
-0.0206712881014399
-0.0230089323652627
0.0169010791272884
0.028769690642476
-0.0153388990889
0.0127249757808711
-0.0296375607568306
0.00446542548354802
0.0436839287191717
0.00323806404467316
-0.0646331060758223
-0.000563404883206737
-0.00424036194032717
-0.00512292214095944
0.0113813489612493
0.00788893053026046
-0.0202933917784256
-0.00823317655205624
0.0103432995725974
-0.0237186230884184
0.00299472730106319
-0.0187718131638982
0.00955500192277889
0.0257866734290508
0.00636229359399493
-0.00163958967528816
0.0180367040510366
-0.00501927020739684
-0.00989522662745443
-0.0341791649106875
-0.0133069079155776
-0.0192280751274937
0.0286027033043158
-0.00694128313468024
-0.0306878882398499
-0.00516038711619427
0.00825329766782175
0.0178184936396489
0.00861120489157889
-0.00663979756180703
0.0327977549757299
0.00120684724175449
0.0420802005640285
0.00507291367062478
-0.0148190084798685
-0.0195103652977455
-0.0272722604470303
-0.0261488670563678
0.0139066826782358
-0.00824105802581902
-0.0381225926137807
0.0489441882744128
0.00219441314918172
0.018790026415938
-0.0141140538912306
-0.00626792365685067
-0.0216376082248287
0.00324260984828406
0.0064328044574198
0.0125919605613175
0.000156497125307721
0.00951407218888768
0.0220433254151085
-0.0262967495202013
-0.00228094664259609
-0.0141371392975033
-0.00175942884556027
0.0151552783936885
-0.0198633283036425
-0.00679920429760515
-0.0237176631042195
-0.0248103831292036
0.00132763348419497
-0.00140912258243404
0.00564547680885781
0.0197060722864616
0.00941068312995758
0.0109613243670434
-0.0226963388638951
0.0100846139958986
0.0275733101881523
-2.66323993495579E-05
-0.0396966153041559
-0.00715420220182282
0.00712690088963409
0.00595876887056288
0.00306853241203799
-0.00688321907068942
0.0143113862365554
0.0035179244064536
0.00636115338057808
-0.0190954515761103
-0.0137808960456194
-0.00379096623834841
-0.0126241745862804
0.00615809486248422
0.0389370996603656
0.0206985769910827
-0.0170045152127427
-0.0153683582007148
-0.036603127177946
0.0178134485528474
-0.0146377597937659
-0.0029072892332145
-0.016468039527319
-0.0440036266889676
-0.000350023225124882
-0.00234359895581095
-0.0243406357258027
-0.00713151683799919
0.0120676752944668
0.0587557819014786
0.00763310902036376
0.0076408333917195
-0.0145699845519185
0.00811743960748154
-0.0127640876730828
0.028970947668983
-0.00745158626986899
-0.0320569296003434
0.03024419317533
0.0198802695522501
-0.0343120401604444
0.0062871189172647
0.0114152204878812
0.0182696473383918
-0.0201958879931048
0.0187448754850536
-0.00881556776721924
-0.00847731268720012
-0.0292541459751766
0.0126245211930176
-0.025964498357214
-0.0490844855769891
0.0257750774774028
0.0108101045225667
0.000872103403265241
-0.0173000951917005
-0.0144749553676038
-0.0144249853306377
0.00973783590164905
0.0102745659869577
0.0306039465978676
0.00279630841906833
0.0362362856075738
0.00962086351421609
0.00450519989944706
-0.01557225522793
-0.0215615616013872
-0.00492890177260837
0.00105567788718925
-0.0235883641528382
-0.00630249141506339
-0.00049812909111562
-0.00238018680800209
0.0100019561671355
0.00446902368622792
-0.0107481718963429
-0.00929351085078145
-0.0167202119680934
-0.00886586094544404
0.00982311257725823
0.0123972183058831
-0.0134884227272079
0.0304162318943817
-0.0196740731645051
-0.067400114825782
0.0193487896760281
-0.0217357075066143
-0.0157577591064055
-0.0100697547546724
0.0179107841561631
0.00971321084559295
-0.00166033597531002
0.00710527845022383
-0.0136738196571263
0.0358134521193539
-0.0224174122922561
-0.00972477205122856
0.00647602130509676
0.00694399069981693
-0.000447810293890517
0.0225098135451021
-0.0159531703114859
-0.0252189878478382
0.0176099426595254
-0.0016176333892668
0.0010366971184957
0.00534683114651055
0.0234530563869973
-4.03605634772323E-05
-0.0115614912934915
-0.037144553309166
0.011888547527771
-0.0125474903982472
-0.0305285681867963
-0.041586211151381
-0.0164719306315618
-0.0298769841269466
0.00741946012556165
0.02558974433672
0.0106892270068369
0.0116785185509637
0.0104722464759544
-0.0191601203188562
0.00889121257153726
0.0306707280380369
0.00210085570229984
-0.0125718243655942
-0.024756371192104
0.0468082660405596
0.00190303066669978
-0.0127633408780626
-0.00704022187260755
0.0156369919999502
0.0156200038667247
0.00438545461505581
-0.00567512850058448
-0.000587436319973618
-0.013918660074754
-0.000300342444572374
-0.0263398784307435
0.0269358477820377
0.0117932972507468
0.00283452425628966
-0.00616408881724283
0.0354370179329075
-0.0187602653131358
0.0156564834940193
0.0251017705806966
0.0077993723338439
0.017104410432811
-0.0200342715718158
-0.0177615726675372
0.00664103997058717
-0.00444289851165555
0.0337146443463061
0.00234974343274884
0.0121421439058433
0.00486084731801457
-0.0105228350720695
0.00835065216859585
-0.0313564076121111
-0.00355934788477902
0.0176527054363567
0.00361097159894317
0.015223920494682
-0.0173736111436728
-0.0061351342778923
0.0114433186388363
0.00268683459676361
-0.00469258360790562
-0.00497947261997959
-0.0154106861681253
-0.0251999575841877
0.0531683502439615
0.0157060684376647
0.0346047408844011
0.00458359713782878
-0.0141419613465837
-0.00514055923039757
0.0290706648514792
-0.00448819493463212
-0.0138277425592698
-0.0100851514669239
-0.000231887723575365
0.0025981089811827
-0.0250829231139938
-0.0173184385082488
0.016901960444285
-0.0386624161354669
0.0352818876184619
0.00805503827545881
0.0450316048272483
-0.00374991113267856
0.0292787184146427
0.0427070079562735
-0.00309919267367425
0.0188111359483259
-0.0110742530244066
0.0347467552189733
-0.0137415989963236
0.0155660563747082
-0.0177628611449154
-0.0128321743477207
0.00466741921325861
-0.00498222331064615
-0.00624193559954181
-0.0227566147963387
0.00149433319014416
-0.00825907388773526
-0.0298489682164204
-0.00942850696226762
-0.00700577409335411
-0.00661258927663632
-0.0214193238429943
0.0238091863406795
-0.0212498525218367
-0.0207283917570611
0.00207341743362808
0.0170425279135757
-0.0256250357984928
-0.00929948504939118
0.0293168720876415
0.00588261999490803
-0.0249598198734479
0.0100537534265669
-0.0385164652402391
0.00601580049332911
-0.00396453967826146
0.00883918022826431
-0.0294480886709157
0.0183618149831076
-0.0169421249840233
0.011728817558409
0.0167692444143585
-0.0184158332138441
0.0200162563590829
-0.0224245889096777
0.0325985044077774
0.0161519145541384
-0.00768134268978468
-0.000360108853547741
0.0264535317692971
-0.00519614024799214
-0.0119730158028991
-0.00919746579840748
-0.0422830764170168
-0.0232665385652741
-0.00543144077347506
-0.00836240842321366
-0.0267937916000294
0.00398534870423491
-0.0196269627613053
-0.0397120039238214
-0.00467935371513858
-0.00997565197884823
-0.00241031115805445
0.0128267476485497
0.0109420272389857
-0.0199594700122143
0.00383737572086965
0.014634884718979
-0.015171574178056
0.0122860933875553
0.00762020562434232
-0.0296361299141536
0.0312542237858823
0.0111696223693304
0.00668474374317387
-0.00648899195063858
0.0181038688366174
0.0242966664887907
-0.00838534401282095
-0.00371970823510629
-0.0200184260236177
-0.0057605514947681
-0.0330084837191802
-0.0062715439469561
0.00916469829847703
-0.0167660498437143
0.00399231781401844
-0.0358450319087771
-0.0075533047263857
0.0113721386002494
0.0448348847310189
-0.00728092063904942
-0.0421578766683699
-0.0148352299694444
0.00950368756407397
-0.00587920555645278
0.00743247162923508
-0.0293958571221058
-0.0383120046337598
-0.0442274514926187
-0.0204917138629939
-0.0124077307456118
-0.0298752762457442
0.0285785721040545
0.00748251451270165
6.50801841642361E-05
-0.0225317033451821
-0.0312662312990588
0.00647771069416919
0.0172762033428363
-0.00334310919714839
0.023393538658917
-0.0132739724153399
0.014385624460321
-0.0110316665756787
-0.0354943003130752
0.0171813784008573
-0.0352775177242249
0.0182955497770549
-0.0222451021916915
-0.0449533517495759
0.0159901018122411
0.000547106517955991
-0.0264681864050165
-0.0319948175796647
-0.00811249714908945
-0.00903901207349775
0.000798700138958792
0.017211802249166
0.0249998264061592
0.0209792743820413
0.0365608822737204
-0.0446341306359271
0.0190530683299641
0.0231653397803212
-0.00637266990039179
-0.00223385967509423
0.00873545417318185
-0.0323463768197763
-0.00213821147664193
-0.00940752862406215
0.0234648191803547
0.0192391508236091
0.00149851465240932
-0.0205136112522488
-0.0164282194514999
0.0177317080499093
0.019104556673901
0.0344337941149852
0.00498436571318029
0.0217493431235034
-0.00660947985148317
0.0175108347024975
0.00388692801596804
-0.00202484253843021
0.0266255206944817
0.016672681259134
0.00171316252883587
0.0102825354354912
0.0490431259432674
-0.00923068397639712
-0.0380006294538194
-0.0369427859282326
-0.0506339093346043
0.0240782552324242
-0.00192233428125286
0.0105350221312053
-0.00373452597709515
-0.0278163587426997
0.000656813809532896
0.0325448230510848
-0.0168436931660529
0.0101872028626386
0.0228585300799352
-0.0417959808206066
0.0365934939602288
0.0137388269434635
-0.0137452994074092
0.0234899757676698
-0.0122264435902513
-0.0220969655078028
-0.00640789852893228
0.0183816360682534
0.0149765136711765
-0.012460087226156
-0.00559714889853502
-0.0122306087655364
0.0243846748908461
0.00365201862553646
-0.0389460502209957
-0.040782806027668
0.00661575007002405
0.0140403842611957
0.0138089196491778
-0.00923241476467366
0.00296585130946208
-0.0127939473107111
0.00621608300685951
0.0053013607834835
0.0187209481343906
-0.00480169190126771
0.0154358221767922
-0.00609654989351464
0.02621875201744
-0.0179686758820323
0.00663552031403683
-0.0117638430924273
0.00644029956672336
-0.00376195564967278
0.0259707163348401
-0.00198826121453136
0.0086036419067987
0.000319507351280276
-0.00688303880132752
-0.0399996082841346
-0.0258538461961121
0.0283486357482192
-0.0382426049013711
0.00860800011191744
-0.00375000206700383
0.00829496179123852
-0.000968432544290445
-0.00491564831029841
-0.00676887619507995
-0.0112902040946711
-0.0224361512378762
0.0156202433175727
-0.0111239705343935
0.0390518929680044
0.00639922864113037
-0.00561213039210736
0.00484964072139796
0.033417543292686
-0.0159579425400588
-0.0121174614717146
0.0088179232861848
-0.0248810005106152
0.00252828227088379
0.027150074360041
-0.0199849238390677
0.00737514381212089
-0.0154596708131036
0.0383948552837486
0.00828357332209283
-0.0260521265290079
-0.0304658708056227
0.0106636050284361
-0.0332090695106638
0.0107012648388594
-0.0172159002822238
-0.00214831277367605
0.037323095277532
-0.00410279432157461
-0.00194075464169398
-0.0210509516610541
-0.000711199061378709
-0.0201198562152339
-0.0114384470083126
-0.0127568139111948
-0.0195036539939259
0.0181889016553643
0.00828158584145676
0.0380334984932399
-0.013483188468051
-0.00115961380348117
-0.0239794711697741
0.0120664280363764
0.00616082379870516
-0.00636298170337453
-0.0121051014631697
0.0124058048559016
-0.00133200171358688
0.00914974738786306
-0.0199863217470855
-0.0184814860145906
-0.0061330548633025
-0.0328858186125586
-0.0237348482132484
0.0218000771377649
0.0118568741174459
0.00289912055755057
-0.00206855075442051
-0.0252892226246921
0.00656001023701765
0.0103603777906892
0.00473244676151334
-0.00777488906352475
0.00146395189976704
-0.00938700125558553
0.027247428875315
0.0106596956209222
0.0158455686182193
-0.00917667268865615
-0.00122984176411351
-0.0017576602323412
0.00243564438939012
0.00337017816140545
0.0245112090075263
-0.0106905373542234
-0.0224125987298914
-0.0148475036264169
0.00272543216590691
-0.0508648965621908
-0.00811926943995644
8.49367453292308E-05
0.0103512178462419
0.0263099338240866
-0.00761666236606864
0.0350668947104175
-0.00562006700962068
0.00487565152916103
0.027508586553698
0.0512402685063505
-0.0161127194825364
0.0254771292966296
-0.00516372139033352
0.00983080043278255
0.0166763922685678
-0.00874936735966117
0.0449774010720159
0.00318052707579487
0.0163623163592972
-0.0107880611521802
-0.00913700887031977
0.0170989112287029
0.00745640146060885
-0.0226088344438978
-0.0133197794476062
-0.0205333558107069
0.00535306064992018
-0.028506387151024
0.0151230850974044
-0.0112154634578303
-0.00611243800792568
-0.0322845103124073
0.0178281009613109
-0.0118815389271752
-0.0204327629530386
0.00955800385236756
-0.0276697813773033
0.0101309849968237
0.0216925752136512
0.0217920730993102
-0.0207940310453383
-0.0378917316165729
0.0082837385036131
-0.0294927885430478
-0.0189201190426104
-0.0228182637766728
-0.0140732128602351
-0.0134196221637519
-0.011040797967439
-0.0254859059435734
0.0322778432960952
-0.00540407377791081
0.00482223202389678
0.0334562100833578
-0.0121962247113934
-0.00906331381466218
-0.00476103536394864
-0.0288167473095033
-0.00848432902369323
-0.00555251868495814
-0.00515477562564679
-0.000292571086801081
-0.0017247061613763
0.00900526098062266
-0.0424286551287519
-0.0206625135292136
-0.0483691305669349
0.0394859467082152
-0.0152653899156552
0.0141165489782402
-0.0185033286633082
-0.0177783856315029
0.0356854552036977
0.0486227747395002
0.0222287695760602
-0.0099219092268846
0.00299496886188781
0.0240240237185527
0.0124087317912428
0.0254345866279959
0.00848198932605464
-0.00424700249247164
-0.0410532800382106
0.0167148643159931
0.00335331995113667
-0.0123331491626861
0.00813744235882368
0.0228327230602246
-0.0192345124964044
0.0124187207834977
0.0115451067282357
0.000742066540130666
0.00481041358540085
0.0055441290961817
0.0225797487185941
-0.00650078001532703
0.0186428051789592
-0.00192947052814347
0.0239050261152164
-0.0130289364515507
-0.0161130748100492
-0.0216795271673024
-0.0139734105702391
-0.0154392370099738
-0.00635187079495875
-0.0416424010848309
-0.0266131619434128
-0.0226658522335543
0.0258149150524499
-0.0243276212004737
-0.0182627977452348
0.0112514320005735
0.025158190853327
0.014114231849733
0.0412823263532699
-0.00598860523929588
0.00418142971180249
-0.0222616741963935
0.00308167822508873
0.000387247887024917
-0.00280290986013096
0.0160404542452019
-0.00566294001491043
0.00574002779539468
-0.010726833572794
0.00169276708158173
-0.0143557249581625
-0.0144454369198075
0.00554926868432896
0.00790951242389368
-0.0204367550591515
0.0322136241141444
0.00208313529470233
0.0247120165465634
0.0146155248761185
0.0114373532855659
-0.00562945409611103
-0.00615906276219001
0.00395803431040811
-0.0396053226626574
-0.015911100617043
0.00987014307497568
0.0119283706201174
-0.00800067846607467
0.00173272481275647
-0.00877862728751651
-0.0077007449706615
-0.0172347210341108
0.0156989258694699
-0.00151600844224382
0.00444321401812941
0.0146294793169831
-0.00595075343608238
-0.0135470426587236
0.0222154731231625
0.0351346003585674
0.0377007921866305
0.026455473877983
-0.00756033530366259
-0.00552303570768462
-0.0134832027614228
-0.0103709897517952
-0.0116490488536574
0.017383918733562
-0.00441980756448816
-0.00406072905516274
0.0156976251668746
-0.00529661241630022
0.0126984946629725
-0.0205681634226639
0.00978813997109989
0.0216228121054659
-0.0039600619872723
0.00640727536135279
0.0119459156036972
-0.00432505641884169
0.0178835545458481
0.0231738431205923
-0.0207175050455298
0.0198214447316285
-0.0240353305474471
0.00283617746534092
-0.00204896384694222
0.0280291512144787
0.014472103517059
0.00683361907852749
0.0300052616531738
0.0127388960201933
0.00714404346625957
-0.0096719123650881
0.00988537042670222
-0.00151093047400312
0.00113619982195168
0.0145196631204299
0.035206573729615
0.0296010711699726
0.0150435945897497
0.000387664568491138
-0.0291936129271966
0.0370810122201167
0.00464506139500248
-0.00624636999839123
0.0257426171598254
-0.0106258086505273
-0.00261662853894662
-0.0137059850461063
0.0136348103959469
-0.00606575294656492
-0.0271926603652537
-0.012480533416338
0.0154528686016215
4.28118214373719E-05
0.0451358704089336
-0.0102485923707564
0.00751144019931525
0.0530396425850658
-0.00940240151519722
0.00262069184136027
-0.00292111887599227
-0.0229945423812587
0.0154922962070727
0.00515833066937726
-0.0289940850343823
0.00816698477275859
-0.0278353874576587
0.00305626426327525
-0.00250310323390421
0.0351159272008603
-0.0258256297013645
0.000237141778847258
-0.00586578031827689
-0.00901167076944942
0.0362307334010428
0.0312291878162256
-0.014563596042623
0.0160020680149678
-0.0126762133481551
-0.0225580881709926
-0.0201947253880367
0.0135732827125279
-0.000104694988982555
-0.0230577659233875
0.0144144888796226
0.00126556348963618
-0.0166758507808238
