-0.00337073253414071
-0.00478878463563834
-0.00352514414314463
0.00674350750389067
0.000592123613106146
0.00163993458242354
0.0012841524950012
-0.00777897527000255
0.00322196398798798
-0.0215866973069164
-0.00148933852414028
-0.0135092290318869
0.0187451415996955
0.00240672182979778
-0.00857274575274392
0.00312098349274611
0.00719283760361346
-0.000885465325192573
-0.0204582221698075
0.00444547569614954
0.00364522738825702
-0.00141224283255843
-0.00797481978766395
-0.00773212551929219
-0.00660172508290302
-0.013549314067083
0.0063606878242311
-0.00106862057118653
-0.00627901366944744
0.00366235233509028
-0.00197660815056007
0.00527163992056456
0.00835311811484899
-0.00460543577323798
0.00242409635894047
0.00052583812943057
0.00661672679083332
-0.00808045654913221
0.00364247640231508
0.000191195876303813
0.0023824876818897
0.00197306641463989
9.04271058274726E-05
0.00283867454613378
0.000390327201948875
0.0238186208126233
0.000210225463374287
0.00137965026839271
-0.00701547500711688
0.0111396673460082
0.000227703037675839
0.00799653425481789
-0.00250529922588524
0.0084487836552171
0.0173048154981447
-0.0131543937367188
4.15262636668264E-05
0.000807977479026198
0.00319363745929105
0.00707294318300618
-0.00801549953297214
-0.0031195996261108
-0.0143905254522568
0.00540169890052258
0.00150901710847528
0.00238692333407378
0.00577276729055582
0.0130896655364514
-0.00654406221201175
-0.00355806135528716
0.00871387083098028
-0.00132836943007768
0.00333028142764984
0.00405781309238945
0.0161406557385836
0.00693312764358687
0.00454509750484126
0.0113361324077307
-0.0242824116608289
-0.000243199406716527
-0.00643268346922634
-0.00699855264218803
-0.00915017240049475
-0.0117447454007554
-0.00237600415168943
0.0106393085915277
0.00979667615724161
-0.00306380361415531
-0.000207103972119956
-0.0110115127495233
-0.00806825781505948
0.0308425337502367
-0.00467588819747374
-0.0167900973589891
-0.00426649440914979
-0.00881073270588475
-0.0182176449047228
-0.00583263716989899
-0.000553649863740994
-0.00113959689376214
0.00611222701906386
-0.0212690651755334
0.00451626948990182
-0.00410365273789557
0.00965002431300732
-0.000589485067286377
0.00255487351071048
-0.00451883676968945
0.0115010747660332
-0.00547948793354006
0.000462850125331757
8.68590191922197E-05
0.00243371540941441
-0.00723308876460995
0.00125055033596048
0.00119654342676206
0.0135311877273761
6.01968830224235E-05
0.000712551877775984
0.00564680955600565
0.00117179112953256
0.0078171215796355
0.00514334119664124
0.00475195560508244
-0.00940070776232853
0.00667680025340961
0.0034674261084448
-0.00114748711008961
0.0039336399277403
0.00617669018640774
-0.0143803520686875
-0.00453346936266131
0.0258542643856159
0.00353668548134368
0.00897664944744301
0.00702269392656843
-0.00137259707899346
-0.00997886010544056
0.0114703952551426
-0.00456318149395774
-0.00582460057164354
0.00471735944963187
-0.0161089111563109
0.00104192452278322
-0.000220805307229056
-0.00339028995838867
0.00297582852540848
-3.17248548044016E-05
-0.000145646806421332
0.00669080895212004
0.0191230730558466
0.00152176802898696
-0.00143641944263728
0.00348310791389598
-0.00738161761189768
-4.16904693037887E-05
-0.000926784023249453
-0.00237225432088225
0.000817695649449955
0.0027369465703674
-0.00871082050745999
-0.000512214711847647
0.00113322605132272
-0.00356069599607318
-0.0110720141309329
-0.00824478458330667
-3.38137273779912E-05
0.00461643899918521
0.0117577163339546
-0.00765296510373821
0.0029207180729943
-0.00259841741214945
0.00118731101928451
0.0053608616407887
-0.00506011546548634
-0.0126481141299566
0.00318030270874577
-0.00892863345048465
0.0163343101072751
0.00167529874509316
-0.010138369982802
-0.00238233099905135
-0.00904456093700771
-0.00516030056224955
0.00399833572046829
0.00243752650202397
0.00706912199376604
0.000907445056507944
0.00849908121852721
-0.000207033295166032
0.00411966021741442
0.00518671752986834
0.00359205019632002
-0.00264180849030489
-0.000865010844580411
0.00767480238600662
-5.47814834013569E-05
-0.00582746250139866
-0.0034803961131568
0.0134912791608336
0.00426933678035152
0.00306784870333635
0.00110447195040298
-0.0173362547146154
0.00268266602988595
-0.00398854028044029
0.00955653860995799
0.00746799104695826
-0.013816011562351
0.00639873548095576
0.00700281924678082
0.00401254942018171
-0.000183143598615437
0.00716920038287911
0.00090460925002809
-0.0138575236708688
-0.010016762276232
0.013712811915737
-0.00387343287259375
-0.00496333097398749
0.00243394967410011
0.00335720731815622
0.0136945982806084
0.018363851059992
0.0155109834361022
0.00321411876253081
-0.00437294559130651
-0.00551657748214605
0.00625937350215395
-0.00237219426848842
-0.00839207329986852
-0.00648969274547413
0.0126672081578659
-0.00943191905124757
-0.000909027891122071
0.00579222389249312
0.00622982335976325
0.00732611598953051
0.00521733094236054
0.0168363069365928
-0.0120665927494123
0.00651549440896979
-0.013948126991585
-0.0136402978751951
0.000451735205918172
0.0111770499350287
0.00708350979947288
-0.0088712649040375
-0.00728376237996326
0.00326509851719106
-0.00119483080316217
0.00900054004794373
-0.00457783442959951
-0.000852777844776938
-0.000321504708536967
0.00261881585196018
-0.0107946843076026
0.00363545347639172
-0.0226639456111676
0.00997954510612698
-0.00942655577692455
0.00922984070263459
0.00453604743374946
0.00470533219694857
-0.00695314738350708
0.000737778458604504
-0.0244919227293574
-0.0144698922353615
0.00429188440277872
-0.00593463018374879
-0.00413270398971305
0.0137992214862278
-0.00324157699991541
-0.00108646980761222
0.00828869528842642
-0.0111684457619898
0.00280721316593886
0.0140676345350306
-0.0037788224153956
-0.0178751790563427
0.00010997601759222
-0.00107192791585589
0.00291246747108478
0.013723525831765
-0.0188908905162857
-0.00513287286156822
0.00164058051672122
-0.0158850567923657
0.0195044815132802
-0.00748544245327029
-0.0146882510129734
0.00406054894737717
-0.00209754839229571
0.0127078526543644
0.0171272048610721
0.0058575115409448
0.012979032856364
0.0104244774458704
-0.00880043128143099
-0.00321018930295683
-0.000684161568120396
0.00214197059610896
0.00312616010855374
-0.00575192901294762
-0.00334553556879264
0.00862353815293923
0.0133057057862228
-0.0202809979849763
0.0113024120237517
-0.00102073201515081
-0.00208484396006569
0.0040975775078993
-0.00745056621360707
-0.00622477452932655
-0.000905516445214683
0.0133733287595039
-0.00682141501843451
-0.0135620801024345
0.00138094502822072
-0.00643464626509653
0.000562750455736356
-0.00360154858505983
0.00928434097540319
-0.0113267644098675
-0.00797405996414096
0.00887702801932879
-0.000652961663428851
0.010378714106026
-0.00359060569952774
-0.00698888766203626
0.000573589521416926
0.00252141650081285
0.00273114428209573
0.00453892565143026
-0.0162325883117764
-0.0077912630561619
-0.0050074523789014
-0.0185826256162723
-0.000530795230936262
-0.00125571553867617
-0.00744299241343444
0.0106100982907846
-0.00493106020276944
0.00332755865093963
0.00437397158586698
-0.0236711732975542
-0.00261135550785762
0.0200884326341884
-0.00339723079754759
-0.000875473896499755
-0.012825964319878
0.00152352201563555
0.0189022358913793
0.000112844312428576
0.00247899087909608
0.0126492061016047
0.0107834455570302
0.00466335050113858
0.00564182101402443
0.000453353941865365
-0.00723634562689915
0.0270737923814961
-0.00647315246001801
0.000935758065517119
0.00760687786821518
-0.00789038157658961
-0.000662138987353113
0.00550279469300511
-0.00770113604150301
0.000680684077991092
0.0011823932378554
0.0028426651312918
0.00593497276838404
0.0156870081528824
0.0138412330323409
-0.00403906321443243
0.0127939285950271
-0.00277955288028625
-0.00653760405606009
-0.00185596418487912
0.00889080073587976
0.00172508764642876
-0.000101026453482045
0.00926186692171358
-0.0029075644524025
0.00561203378372101
-0.00179490409436052
0.00895196604341507
0.00881786242994762
0.0142588859359197
0.0013198785458936
0.00042575616229868
-0.00193144164833229
-0.00222587878687328
-0.00221455356707189
0.00444927290944322
-0.00642053331793617
-0.0107969738009599
-0.0129697152124691
0.00426904493887871
-0.00292712581713586
0.00351077587700698
-0.00762162761433325
-0.00170910072145954
-0.0183399366235869
0.00573715091256069
0.00851234584981317
0.00261310798921239
0.0091081671214093
0.00208926814319167
0.000359131038454986
0.000819630700438391
0.0128964139770945
0.00902721819969146
0.00741902159063646
-0.00441319689174674
0.00677789175946176
-0.0105011744232379
0.00321257646645408
-0.00135175745207592
-0.00219896748899454
-0.00831135834683922
-0.00842421479976829
-0.00322043998632226
0.000801107189075788
-0.00492681642725388
-0.00503080319722289
0.0128142075855013
0.00354256060264866
0.0104602577504037
0.0142231993923119
-0.000355344494748088
-0.00204700906156312
-0.00134796158494089
5.83227166274991E-05
0.000684736091766411
-0.00450544237021716
-0.0146763646072941
-0.00373253102434555
0.00466210176498361
0.00647622972456975
-0.0226166739573056
0.00472268679058986
-0.0121385921451294
-0.00769490743405136
-0.000840332018699281
0.0104229062225063
-0.00348456579846591
0.00286050441299333
0.0188859943964855
0.00151552691244864
0.00512865862825717
-0.00505257506599715
-0.00361553100207288
-0.0109239007604989
0.00726551688101155
-0.00597682879094724
-0.00618823765638893
0.0193878724403091
0.0108715833357531
-0.000508047593804279
-0.0144211294023919
-0.00891810476896021
-0.0048011315615209
-0.0102520994257096
0.00680100753361575
-0.0122630684395631
0.0115666132202619
-0.00677758309639378
-0.00222574193423566
0.00648447194473229
-0.000111280391775073
-0.00906372539022043
0.00121573264209056
0.000965699993591288
-0.00341753300102984
0.0122370534796607
-0.000871346115136906
-0.0095346811318167
0.00233453304538155
-0.00726003859003241
-0.00872505597531898
-0.0018254724722602
-0.00742186788836007
-0.00567856584734769
-0.00107462767759419
0.0141226157614333
-0.0109566387322622
-0.00735042506178091
-0.00991109701336975
-0.0135926043033622
0.000208631733774687
0.0140124893869424
0.00731051600406102
0.0102200708133431
0.00348695924443666
0.000516894330928089
0.00260639374690013
-0.00412702338817282
-0.00255966802175195
-0.00353774264498477
0.0113884764339667
-0.0103936945590983
0.00214801104450178
0.00917398670504666
0.0137047118957416
0.000775420923300349
-0.0107506752430357
0.0038783938996811
0.00509653132004428
0.00412777865309069
0.00190636139071692
0.00400850652185211
-0.00191375736503663
0.0107386425436347
0.00541459532839812
-0.00775398327595242
0.00610726809141214
-0.00348085990558092
-0.000648898318380028
-0.00376215045765421
0.000790860909871035
0.0041252219728086
-0.00211480838031449
-0.00222690876355694
0.00228787366726517
-0.00606844508900758
-0.00372610682773192
-0.00425563708346792
0.0088268979162325
-0.00169329996089542
0.00726415272733853
-0.00723549115761219
0.00245542668234817
-0.00343907903995301
-0.000187754403032824
0.00136327751476692
0.00686365961887512
0.00901310599221793
0.0105688286292976
0.00324715972165801
0.00218456339207287
0.00953221961685125
-0.00421867834486971
-0.0114081745824513
-0.00332629782054288
-0.0102210086608071
-0.00128488752294042
-0.0184478169938371
0.00464540644439179
0.0104931091541797
-0.00904964107072281
0.0046808402563149
-0.0175909728643659
-0.00525140185985503
0.00312696657666523
0.00735455828250005
0.000843168243169866
-0.000337311822399836
-0.0054341110898119
0.00921255086785288
-0.004218501096582
0.0109589520929736
0.00905372394057418
0.00326169532880569
0.000421880410918761
-0.00583241599532611
0.00465873158707843
0.00271110377851774
-0.00483201844618982
-0.0015205073471982
-0.00485701598068548
0.00329618111547737
-0.00522417062219702
-0.00482525401994462
0.00796845410525359
-0.0128771496416893
-0.00330986642173138
0.00190382011504959
0.00195493142334745
0.0120150743840903
-0.00356123980259647
0.00777045929042982
-0.00367017813860381
0.0105138992866418
-0.0125103788798565
0.00674341040657027
-0.00131229706540144
0.00962515470654647
-0.00990456677959275
-3.05148846555518E-05
-0.00958669274943399
-0.00772952944486687
-0.00198983283026583
-0.00981607521711393
0.0155453748313048
0.00991984771689542
-0.00512896604959253
0.000901328807911522
-0.00574676414240859
0.0174937793514804
0.0182445256789823
0.0117925466776702
0.00420217233953174
-0.0150526297014658
-0.0135842031753267
0.00253776742004087
-0.00790076945761752
-0.00671086742890611
0.00501790237778165
-0.0134011372199503
0.00159298484138661
0.000954748710260192
0.000595381303012959
-0.000868808178756201
0.0128735066217933
0.00862804300781685
0.00319362578546306
0.00804960822210807
0.00143799242431199
0.00614380786822699
-0.00768905646790517
-0.00448323629739738
0.00342199913759618
0.00469444613814375
-0.0106133438655872
-0.00807843107751184
0.00225924032311183
0.00980515284107571
0.00997324926725869
-0.00276121325164835
-0.00259752344231002
-0.0208502794005219
-0.00187019702186473
0.00167920919831868
0.00848434997348383
0.00540081435849554
0.000442507204469147
-0.00624089172662711
-0.0022691122198076
-0.0130272513934049
0.0155671496403261
-0.0117967972565428
-0.00903056291585338
-0.00239489329517438
0.00203232698014138
-0.00570493104144561
0.0156344100040288
-0.000884490688697198
-0.0101808363077607
0.00109254936487925
-0.000175570638679113
-0.00770040137641123
-0.000437689759800883
0.00120941519544613
0.00187133076438439
0.00117589707730162
-0.00256771660139348
0.0102514651502198
0.00893985012114278
-0.000458693952333467
-0.012408038514658
0.00754644902976816
-0.00373865908677333
-0.000540708262454211
0.00746178888688686
0.000351569924844099
0.00101413651114822
-0.0112361706920879
-0.00805651138910851
-0.00581502221952817
0.00541964677593136
-0.0167216742734504
0.00357240978085097
0.00639718859716292
-0.000526293200809205
0.0118894364587983
0.00306590672398139
0.00289859882493093
0.00535063823539066
0.00744767282690203
-0.0119590626817014
0.00521320636683941
-0.00478634758087916
-0.00510829494274801
0.0038791222270559
-0.00215485093926303
0.0156978068725863
0.00228547021750903
-0.00751113626936349
0.0164316704828646
0.00335861112918931
0.00870976032371829
-0.00182809154217699
-0.00748842642967694
0.00889183378187594
0.0045614528231048
0.00576974940466728
0.0118041536566844
0.00669020947713088
0.00715997683650097
0.00782043281037175
0.00556757166040749
0.00547410209606283
-0.00906513043082933
0.000228878049726068
0.00329294987219514
-0.013906829225423
-0.0121005327910799
-0.00793941483652427
-0.000246888828768606
0.00162546695345796
0.00484815074372581
0.00524099165269468
0.0044200928520195
0.00376079690872998
0.00483970031052948
0.00751078088290476
-0.00678818546580534
0.00511003881419905
0.00272157974574225
-0.00966650604412948
-0.0109990863118245
-0.0108742796962617
0.00880716306978449
-0.00905396773043155
-0.00958135771642551
0.00457396866511773
-0.00744338809589534
0.000254327820447461
-0.00272931472781373
-0.0163910262702213
0.00587088516833129
0.00169190504890993
0.00462698957403447
0.00358116753303292
-0.00294077501568623
0.00868136753029652
0.0104772463674646
-0.00897788556694953
0.00716864231985144
0.00794548155233869
0.00202425299805119
0.00603540585194409
-0.00564551664482196
0.00547126202641272
0.00687826284119825
-0.00878605837435486
-0.00906601638018901
0.00475294749934924
0.00398168810635444
0.000830475572806109
0.00612764021424739
0.00749804558031614
-0.00123831573859732
0.00272128926267956
0.0150631660310521
0.00211322936197881
-0.000173486646372157
-0.000217065631500438
0.00349854552094777
-0.0083489351478322
0.00670449454104611
0.0109301113679528
-0.00529111877556106
-0.000764738652956216
0.00147520813092988
0.00572419072254752
-0.000782625022210746
0.00506291049504699
-0.0127672321994786
0.0151466300070751
-0.0161824207516869
-0.00187383007439145
0.0127563032802924
-0.00178531477786833
-0.00405323156655384
0.00214994921782476
0.00714490778592191
-0.0100460254663228
-0.00265152189754766
0.0086717733162478
-0.00539715494830291
-0.00207062940094816
-0.00301220545523417
-0.00724465469072215
-0.0116132819064354
-0.0217160722025694
-0.00612718036846106
0.000111992414108799
-0.00190943626781631
-0.0006359748661864
-6.84021904337281E-05
-0.00680349785227073
0.000579548048515954
-0.00238378487141391
-0.00503692811006501
-0.000308077789702515
-0.0129216259608343
0.0071968666101227
0.000792504706420476
-0.000886769957620472
0.00550848332400799
0.00708723103698598
-0.00409544406258197
-0.0149502356053448
0.00269977434369486
-0.00232437619583616
0.00384752807565972
-0.00258582658786486
-0.0089857295793791
-0.0039123287638536
0.00454469874507558
0.00857777377447976
-0.0164686618996551
0.00959155143373481
0.0109381300694638
0.00762435347082515
0.00828282533918097
-0.00143246949084863
-0.00467795359742249
0.00605362837584504
0.00485044101718223
-0.00555824536291104
0.0036108380950577
0.00387948683897146
-0.0101532034831438
-0.00713513980253913
-0.00267660935235665
0.00089829534055463
0.00550079856205308
-0.00667507842098807
0.0042288366352206
-0.00483652534662011
-0.0126273443283703
0.00990953565609812
-0.00298593926136333
0.00366537198599231
0.00068375132916142
0.00435260218750437
-0.00644515244662221
0.000246122048849269
0.0102404115205985
0.00270316319814469
-0.00174402525369841
0.00166082091512137
-0.00428096177525742
0.000969585675570177
-0.00596125477673886
-0.00874879918652422
0.00593021167553976
0.00241262733823139
0.0114941910425989
0.00868486130251081
-0.00362821642479378
0.00436981970804489
0.00462877311305502
0.0129488314323489
0.00202276506656086
0.00649972848256852
0.0177059796690505
0.00259440425487387
0.00773155889249515
-0.00859159148544136
0.0114200241439722
-0.00377903729395412
-0.00105781518353682
-0.00269887324425982
0.00586702257621581
0.0125003216884694
0.000761734939315947
0.00337386216794496
-0.0096426218099928
0.00275386627884772
-0.00285010585953434
0.00179097049241662
0.0112860933644681
-0.00552182783991762
-0.00232563415004617
0.00256469509103739
0.0102419359171903
-0.00616208843121801
0.0153938813503121
-0.0154586378562843
-0.0127242698064202
-0.00700095196097589
-0.000539599204315363
0.00485507090643233
-0.0030386919176419
-0.0103354743888389
-0.00486836966558556
0.00503986966800892
0.000472982774678809
0.00496900154057827
-0.000706429889029325
-0.0148145998725332
-0.00434754521944543
0.0014906949358106
0.00211479039498906
-0.000541677574792584
-0.00540035289010481
-0.013035604551392
-0.0213295544911727
0.00805642245438815
0.00379367155198294
0.0100108578086854
-0.00331830118540846
0.00528836602167894
0.00262951018644529
0.0048419172263963
0.00111358562403964
0.00216331828587331
-0.0117964286254795
-0.00499980572491913
-0.00302538503693771
-0.00255551039187057
-0.00486400865280216
0.0038405494308323
0.00964397345335136
0.0070643297664324
-0.0059856481861316
-0.000438794311028015
-0.00459985955454265
-0.00343339539042016
-0.00511378172763652
0.00712071720423004
-0.00299659779695224
-0.00580681834387649
-0.000380512415319465
-0.015234065979862
0.00181614328126419
0.00223962574995637
0.0125067002789921
-0.00178342609237833
0.000377001413065237
0.0102704097893996
-0.00896975659205132
-0.00613830865375439
0.00724756521629205
-0.004927690560735
-0.000611031373413133
0.000465470229320832
-0.00952592506702482
0.000350597371922692
0.0076684482185054
0.00022683816329354
0.00680625593892587
0.00130380660090343
-0.00692113303027342
0.0015773455461784
-0.0132764689077317
-0.00712449614710212
-0.012927607359647
-0.00154440265110128
0.00274228516454938
0.00284774869934145
-0.00163694146701006
-0.00757633967522151
-0.00529939895785291
0.00154192546739343
0.00648608777484224
-0.00404477937910281
-0.000531292725005488
-0.00145047437458698
-0.00185738754842041
-0.00688277428592939
-0.00200411999826622
-0.00366303585355371
-0.00441725248086496
0.0075258813799204
0.00607469182827881
-0.000178258443137713
0.00817109498144192
-0.00502419012560097
0.00382071412902591
-0.00810417357438863
-0.00145777338174286
-0.00570492905618274
-0.00351130136818859
0.00507837770818665
0.00334948399571891
-0.00466971852824846
0.0060813544512824
-0.00166212370344069
-0.00186864977430669
-0.0015979868711038
0.00250804007998581
-0.00128397384947093
-0.00880224857800189
0.00436517194131245
0.00703659739126948
-0.0006399459664969
-0.00112961549995695
0.0028637117230407
0.0129761203715715
-0.00892785667701027
0.000346482618008649
0.000714380188618251
-0.00332651518848012
-0.00429077953673286
0.00687934323029886
0.000423153736455283
-0.00292069650455849
-0.00743460429957543
-0.00296337926618082
-0.00676890904427787
-0.00258642131668914
-0.0140713772304556
0.00191697832091188
0.00189696625050871
0.00182248516745482
0.00248123542469886
-0.00432035906283363
0.00839959334166145
0.00291366802544804
-0.00335683448362744
-0.00802123262272341
-0.00501027058846202
-0.0100414968161354
0.00445129077816335
-0.00383386670082284
0.00439393959237765
0.0021115963412117
0.013532932797159
-0.00457806623025442
0.00289884793133426
-0.00495789159848544
0.000415392296595238
0.000257114829516924
-0.000754322854064787
0.00497172903361525
0.00182730594763687
0.00347183200812411
-0.004225356937389
-0.00519759648356769
0.00203714652541498
-0.0017522362501565
0.00442369684845299
0.00191838661829511
-0.00497435259241984
0.00190288147225372
0.00622585429999566
-0.00485464963941537
0.000881894930656376
0.00404555453552506
-0.00385862405270982
-0.00603535686544332
-0.000311651224408744
0.00209992383388473
0.00419071592161289
0.00666763517856717
0.000350578184435361
-0.00239035185070915
0.0018823759421185
0.00349668376384022
0.00710682682728879
0.00516181735439212
-0.00798087727008865
0.00490289589312765
0.0126028545810601
0.00520053305665135
-0.000487880876281752
-0.00231512195148397
-0.00581010089194028
0.00780061080670349
0.00239814424963975
-0.00689170027841478
-0.0096480926356334
-0.00654362032027269
-0.0012505268385466
0.0105173860434216
0.00602174846171135
0.0096209338125462
-0.00845758869888382
-0.00379760259561057
-0.000959121473798487
0.00810209257165463
0.00356495898814619
-0.0040184648641472
0.00371845502452118
-0.0172424167484833
-0.00248561953877333
-0.00401283481648843
-0.00626008906571375
0.0119693340747358
-0.0054390740843863
-0.00162162778889923
-0.000826735276647782
-0.00285433247122165
0.00120248991198256
0.000564889127081179
-0.00225757686523392
-0.00416230608214254
0.00131640876883137
-0.00291839452570491
0.00131791042230711
-0.00250650107220161
-0.000175460816434747
0.00598183499423365
0.00257697229519944
-0.00555219113617927
-0.00376280060762116
-0.00375487586451054
-0.00234774242911308
0.00133224614040416
0.00855804625134151
0.00710503035035542
0.00366177384158908
-0.00593066060304181
-0.00313654794744863
0.00580951406784729
0.00162227301042273
0.00386616348487232
-0.00210027365882635
-0.000453078868245085
-0.0096741847636891
0.00558193526569037
0.00481155630730411
-0.00839239914074898
-0.00433259213662223
0.0012356183451264
-0.000786770668520666
0.00105877385955065
0.00323077630444428
-0.00201502429140828
-0.00075433128031824
0.00535713583441427
-0.00167597605313271
0.00171658142896715
-0.00854866369391581
-0.0148054252547228
-0.00302248097226328
0.00105168838594924
-0.00291544872830783
0.00372702961440323
-0.00265817635339158
-0.00226802053819398
0.0026122224514469
0.00152737312735849
0.0101231119460104
-0.0031945713501977
0.00277569504437032
-0.000658090628153988
-0.00146488409311116
-0.00340346644798445
0.00359590187316379
0.00122274696703508
0.00191258639929073
0.000959836477342014
-0.00423583345049112
-0.00414322977570114
0.00632474435059271
0.00469023094436789
0.0101977405660482
0.00137182012025517
0.00887695575897476
-0.000681753985432196
-0.00163361433498287
-0.00157683139022257
-0.0139731661437288
-0.00541946527997299
-0.000288884555606074
0.0164688712939157
-0.00447963612660951
0.00486922905997699
-0.00403656774577447
-0.00478149310894943
0.00750774210008465
0.000931331801073957
-0.00415305171837481
-0.00626146096750861
-0.00505166901002967
-0.0115453966230947
0.000666166986042328
0.00353882708571601
0.0130561430963263
0.00679728221071903
-0.00189303173393738
-0.00729913510083718
0.00045607364577883
0.00295289004970937
0.000941928227212232
-0.00184568954758364
-0.00303361500667228
0.00163637578202181
0.00240815505380811
0.0100414053671809
0.00173226987661909
0.00346632502088824
-0.000716004568532688
0.00710935765853152
-0.00671337030097579
-0.00458797823134881
-0.00376088320201422
-0.00150359292068356
0.00408890319391075
0.00848722033610712
-0.00386379595295733
0.00241187855734875
0.00418759431142564
-0.0028146901622294
0.00811296356193487
0.00168373550363917
0.00557018474488915
0.000958690554664115
-0.00607160275617263
-0.00260333911446564
0.00353453361053908
0.000551735870685913
-0.00909010153351296
-0.00745912058415391
-0.00020768949675298
-0.00269278213873164
0.00737293970406256
0.00422371273207748
0.00312193235902046
-0.00112705919691858
0.00840869241932294
-0.00402152399011823
-0.00657859023301874
-0.00601216574676614
-0.00316789015064898
-0.00245275289376936
-0.00260574835584467
-0.0058655430507225
-0.000751527822860332
0.000492789615185849
0.00424451653504302
-0.000403303691248573
-0.00340460835156963
0.00506275300153605
0.00635309682988475
0.00379704126272035
-0.00232893003103871
7.91347568199624E-05
0.00129935454675688
0.000259752173692602
-0.00288612355743785
0.00175497261925484
-0.00537946006460314
0.00125835887305273
0.00276583565499435
-0.000446328649728323
-0.00637463349737657
0.00164029886352147
-0.00283648022970011
-0.00671493948385282
-0.00197069354719151
-0.00357712999794449
0.00599606270675593
0.00272498074887502
0.00168713732785169
0.00342959744065985
-0.00676057281002376
0.00947100736491954
0.00272426536163972
-0.00510813593402187
8.73864378937626E-05
0.00552011699121482
0.00292573425182998
-0.0011584674175628
0.00319019451277164
-0.00206577917368263
-0.00392406920727776
0.00334204284909795
-0.00202123204514452
0.00387288853186053
0.00526384871198578
-0.00214339139771261
-0.00214593473910957
0.00315414415802488
-0.00227717266078882
0.00789269958403808
0.000928589041734645
-0.00853481279899941
-0.00979942512702355
0.00301776219409652
0.0145108169889839
0.00690963608567741
0.00286450323103835
-0.0107882601463828
-0.000261878834113239
-0.00381984318744635
0.00118173320763892
-0.00596769353150242
-0.00606563617168623
-0.00412969231472859
-0.00627667151488942
-0.00125094307437417
0.00293172783590193
0.000724573734616069
0.000699017500568828
-0.00199306885398828
0.00137827320928721
-0.000559327437948082
0.0074519216835746
4.46426571117855E-05
-0.00724206828310137
-0.00308293445185781
0.00398118782408691
-0.000754059658084494
-0.00636289808091622
-0.00187444128791387
-0.0026226118103021
-0.00107722091849041
0.00400564490980669
0.00887749493188479
-0.00417586590803128
-0.00157463800207451
0.000409750036225416
0.000185917899830252
-0.00142842533226308
-0.003151163941468
0.00554760279335425
0.00172480834710148
-0.000750285343969163
0.00625668534506732
0.00599372622709235
0.00140742120466959
0.00424956880365322
0.00724396183822438
-0.00780470770060634
-0.0109167357925707
-0.00101739275249615
0.00221678890008962
0.00154407276226555
-0.00461878494961651
0.00342885508265818
0.000236842884107705
0.00181342315751847
-0.00481469607243823
-0.00143993051108599
-0.00136776930294825
0.00216541598087002
0.00947359242198818
0.00125176516545123
0.00256449119830589
-0.00195634318101767
-0.00120806060343761
-0.00548532207286267
0.00446049824286371
0.00238282591944475
0.00439942720247367
2.3595013946558E-05
-0.00468865854412306
0.00163994212801275
0.000583697079999712
-0.002000834961987
0.000759517889748566
-0.0010485089026573
-0.000714945654990581
0.00315075556043537
0.00495583304024779
-0.0012913847857295
0.00245651173228205
-0.000291375360461181
0.000788233908800775
0.00587785553206313
-0.00422838676469949
0.00372758039712273
-0.00644458946813026
0.00523087452436262
-0.00015548880110886
0.00734629794044822
-0.00184232400221992
-0.00332644984996375
-0.00894567441084347
-0.00510736311851343
0.0065717742278725
-0.000395596190701897
0.00252466894035081
-0.00310277382503177
-0.00359577529762426
-0.00395301625421406
0.00149625596945921
-0.00124315783771698
0.00108411133248862
-0.00157111650140129
-0.000676974144819338
0.00398073758786366
0.000685049353400581
0.00090873005308233
0.00844225018115483
-0.00733682647035985
-0.00411699074110656
-0.00586375925475865
0.000857513364472752
-0.00512357343190154
-0.00170914682850547
-0.00374597658969969
-0.000577571164366955
0.00216635094708336
-0.00491675507745447
0.000709273872294586
-0.000361589293989928
0.00592119446997938
0.000290935432738276
0.00216619601320911
-0.00181384199597885
0.00366661316657068
-0.00350172598715779
-0.00399403031552888
-0.00417779729546376
0.00167627012760171
-0.00294621297832283
-0.000913035027259174
-0.00033322367342582
-3.44141455854177E-05
0.000866428838703436
0.000437753815413106
0.00104751169317019
-0.000269865936995829
-0.00351413732075039
-0.00417931120781297
-0.00151780530908858
0.00232943529006831
0.00270944970671664
-0.00266706067772493
0.00272536077542226
-0.00181061139027765
-0.000216743104115547
0.002832822450689
0.00161647300430098
0.0028027895198942
0.000399264528405229
0.00132151832135881
-0.00149023532979622
-0.00102646492754687
0.0020013965756158
-0.00114321357829774
-0.00157029408519113
-0.00882589702553311
0.00289935896299451
0.00414632884772026
-9.56604514258672E-05
0.00612721963907458
0.00305992036555818
0.000992302848467151
-0.00142181061112607
0.00307128495972735
-0.00584951320493426
0.000297638860498688
0.000729110374531053
0.00112392306496007
0.00454519997635011
0.000583434021516932
-0.000364978491496861
-0.00291859460336921
-0.00358282702226558
0.000234250492537299
0.00212870668439778
-0.00340807092828937
-0.00470889742489525
-0.00230781085370231
0.00385841394615023
0.00270819767452016
0.000228269542211805
-0.000354646575847032
-0.0024368532531353
-0.00397312073258366
0.00117188941220792
0.00180514609745434
0.000267150143982066
-0.00635061330766435
0.00107942848536949
-0.0047080971927217
-0.00237487047878743
-0.00241475256161872
-0.00218875971567043
-0.00245094404093222
-0.00550961526876661
0.00366891879751648
-0.0024383226085832
0.00343801160219209
-0.00119240728967766
-0.00310485459070784
-0.00350198860587342
0.00194729295623373
0.00093601816399661
-0.0035972286849346
-0.00119174829302172
-0.00267662208007686
0.0013676882880317
-0.000813006010894638
-0.00195741342371918
-0.00407327507978926
0.000641426675688438
-0.000123288349211234
-0.00089152290878343
-0.0011334271132173
0.00185267173309524
0.00339009981744333
-0.00135746029409041
-0.00149529680422412
-0.00148914061467628
-0.00196334457045857
0.00198249037878107
0.00354397130929646
0.00135866631193975
-0.000922916979377823
0.000752985196989852
0.000817557946051163
0.000130826730551018
-0.0016034113995889
-0.00425332581237708
-0.000278161429144772
0.00141026931638988
0.000643388607646809
0.00236704581780031
0.00499432538511606
-0.00089364974086932
-0.00132693701320745
0.00108251758912564
-0.00385276556560624
0.00121952762373656
-0.000894017109039219
-0.00103721217497701
-0.00234420433040664
-0.000713782966102628
0.00298102392330519
0.00198363672644377
0.00187706975812931
-0.00366930911084414
-0.00108702954680107
0.000531580027949613
0.00157689899104105
0.000619500839154058
0.000880952886037367
0.00238168963449059
-0.00221224863694925
-0.000948493212198096
-0.0039493125422159
-0.00111039029969558
-0.0014161870568216
-0.000443322829995822
0.000693766962114604
0.00136342716517844
0.00228073454462856
9.44879019385531E-05
0.00202373460446435
-0.000782529170559045
0.00103117773120461
-0.00129319861730974
-0.00227566624566371
-0.00305298325668596
-0.000456756718991544
0.000660658032863529
0.00143079775825508
0.00144770328057313
-0.000284031085664911
4.23224683657972E-06
-0.00149834509407491
-0.000943535966946758
0.00175189947258214
-0.000332819183598467
-0.00100381547436698
0.000292873613266556
-0.000319770707019418
9.72615569647879E-05
-8.96764370626808E-05
1.37902505855413E-05
-0.0031218718466089
0.00048878391698054
-0.0012404425714896
0.00177673311773818
0.000611077474430067
8.57556348573006E-05
-0.00144026870808951
-0.000791346402020345
0.00200026917181383
-0.00111088795003497
0.00114570670477587
-0.00182984317053287
-0.00123892578242791
-0.00132573918306258
0.000620893303549983
0.0023327774282342
0.00128212663694154
-0.000977193541591144
-0.00234654123840972
-0.000979681596015583
0.000938759664366912
0.00165459907866258
0.00077130389588605
-0.000591582370568972
-0.00078904945055641
-0.000449301488501746
0.000680512989351182
9.04784960099942E-05
-9.94778141176295E-05
-0.000106231481394617
-3.82974452903002E-05
6.03934057883695E-05
-1.05757401549586E-05
-9.37655902556902E-06
1.38937814378484E-05
0.000162864711834968
-0.000357570198092607
-8.86083966895979E-05
0.000579807629830631
-0.000713008312719084
0.000273814468772839
-0.000611933718122364
0.000943685655016711
-0.00082003914601505
0.000841459565680435
-0.000444050175828035
0.000880225927171686
-0.000128459540322697
0.000606317977692472
0.000677313064618543
-0.000738690540185084
0.00125628878590638
-0.00120936177225651
0.000508993891783689
0.000304063963815185
-5.01933371249132E-05
0.000234158536412175
-0.000982803480976382
0.00121536720769452
-0.00102620911754931
-0.000671579933804047
-0.00297878768221501
0.000154336815786872
-0.00122121773550065
-0.000550601367485472
0.000754442285477422
-0.000608868708204346
0.00111770576315496
0.000230026636991078
0.000770064664460204
0.00111420709565184
0.00247325543546614
-0.000656372689940058
0.00319517784810065
0.00276735485890999
0.00130138475254473
-0.00278867054652207
-0.000504372103027837
-0.000265511808574634
-0.000934047764469093
-0.00162566497732229
-0.00134034042521135
0.00119342335681868
-0.00260118007132295
-0.00115314656553493
-0.00202768859432234
0.000241072841593611
-0.00106859795054582
-0.000781868767147041
0.00049951994593184
0.0023556918283093
0.00139527840497828
-0.003768806352548
0.00173755781563197
0.000749090027277011
0.00406899973563189
-0.000990636500747375
0.00172444555844684
0.00224176059627759
0.000116556340588136
-0.000177778218178679
-0.000946514073930651
0.000253546992028094
-0.00122301130514865
0.00170874267662757
0.000655943472525565
-0.00107728387147847
-0.00165418885390214
-0.00241235162859257
0.00122137294130983
-0.00227879734779029
-0.00203431244774144
0.000645552182274456
0.00127234346830749
-0.00021963089722884
-0.00153578182346652
0.00231811851208375
0.00122913270599973
-0.001994948100809
0.00183315994910441
0.00118696320751344
0.00262399459845067
-0.00248862113369856
0.00232087223546153
0.00327043433064362
0.000864311923285388
0.000869999270456747
-0.00061750074295814
0.000438021596171671
-0.000100254929453674
0.00133862876757232
-0.00177872248765373
-0.000261000698866968
0.00194889693316011
-0.00176071210703411
-0.00271992283535899
-0.00274549496413158
0.000665832227246069
1.06011315002867E-05
-0.00233050218399147
0.00228505413148844
0.00239525648234117
4.29167506567672E-05
-0.00319261808815177
0.00186664283310964
-0.00257118855978113
-0.000443044145630502
0.00425331421513064
0.00125329329427497
0.00332071483724084
0.000675638587910481
-0.000593161791949277
0.00138822544946946
-0.00045774567648141
0.00173920754101495
-0.000175704430691188
0.00428101455277686
-0.00201242057696478
0.00221386998735885
0.00152660657387704
-0.00082043907749142
-0.00486391560279979
0.000574254886062466
0.00191678641352659
-0.00370919824631063
-0.00616432452683657
-0.00264854728510896
0.00091365049189146
-0.00331397386845949
-0.00175791347816666
0.000767027186596838
0.00422873381711326
-0.00224153134921126
0.00350840814076936
0.00206636695256913
-0.000631185268150772
0.00113224435961809
-0.00174801425391228
0.0030546831905653
0.00191997873549583
0.00397762622476747
-0.00213323437543821
-0.000975842122536609
0.00170375193490701
-0.00718981409722922
-0.00289144339396794
-0.00257259378090498
0.000878298264388022
-0.00236643524163803
-0.000766856762991917
0.00370936865995879
0.00198952307317351
-0.00328425392217951
-0.00188982557724269
0.000862215052341864
-0.00316262808261532
-0.000752619341741951
-0.000288476347897644
0.00560959344960278
-0.00247803709097365
-0.000344137130034006
-0.00247967602407222
0.000505567148135037
-0.0011159155916173
-0.000609964949560236
0.00391357225988719
-0.00172879013950733
-0.00297409492740013
-0.000586334175456277
0.00473887702768487
-0.00495344349483675
0.000533324782005065
0.00144512525123387
0.000982974121378111
0.00208445723975757
-0.000123812089347337
0.00108525046478565
-0.00564345449709828
-0.000453800860234337
-0.00269647631215896
-0.00180894379595404
-0.00148634491941369
-0.00210260645827514
-0.00149083070793545
-0.00617134184078074
-0.00189174401318948
-0.00378110821775009
0.000349617891310579
-0.000529888465106999
0.00753112349714266
0.00198290601558848
-0.00212642907196327
-0.00287603336522196
0.00187814571381299
-0.000844767331082058
0.00151525439366503
-0.00165226782464523
0.000492269135925791
0.00310923124660772
0.00503302092444011
-0.00400935471327636
0.00191089786393569
-0.00178645486497808
-0.00495216304391581
0.00311516811557386
-0.000108281147815706
-0.00462670236411993
-0.000378151346917842
-0.00343266559306569
0.00403601838173986
5.50591577946145E-05
-0.00308130566693006
0.00460231084867478
0.00199968946685542
-0.00245724295465398
5.96613416764049E-05
-0.00135040281834957
-0.00450436621200764
-0.00395234818510215
0.00282481078546358
0.00417801874187277
-0.00313188494239494
0.00222318384937275
0.00585489546394467
-0.00649034885024639
-0.000686318050179144
-0.000663424363014059
0.00247871716899291
-0.00663626256850061
0.00436123865055662
0.00185288266150017
-0.00128992459078061
0.000851816292888942
-0.000819259201729965
0.00800722433466625
-0.00084319180475768
-0.00440178773852348
0.000338734694277057
-0.00272242957730051
0.00143753888896192
0.0019026948702401
-0.00224592650439788
-0.000689545884477704
0.00126098917136717
-0.000465879021173907
-0.00230377498644533
-0.00276635976331556
-0.00107090159493915
3.95811483788276E-05
0.00239248458691109
0.000701576515441208
0.00117382464844856
-0.00207550106502622
0.00542272325439962
0.00494205834743689
0.00277231976282981
0.00496403203490141
0.00207633140161108
0.00863667021808347
-0.000757200147163631
0.00234955540086837
-0.00239049685632444
0.00177394367210164
-0.00485631429898472
0.000912716522674213
-0.000901292761238213
-0.00569955652672417
-0.00763116115213758
-0.000277156369481212
-0.0002179704612692
-0.00342589319175464
-0.00361330579208289
0.00197053407616109
-0.00222219513144042
0.0051894191030351
-0.00129550478469967
0.00752851226470671
0.00268253715775394
0.00495853830165029
0.00259266655171147
2.52780110977042E-05
0.00361499791532466
-0.0103776119908867
0.00137038951022838
-0.00558333181617149
-0.00443247039332089
0.0014459612736126
-0.00122832160436636
-0.00204968994545483
-0.00274825893252397
0.00662701981992484
0.00416574052259121
-0.000616290324613648
0.00153025232617523
0.000584808905305051
0.00177642539491694
-0.00036061773788765
-0.00141812914596075
0.00224457194571849
-0.000932537385447254
-0.000182333147921141
0.00338486098139648
-9.74188958116675E-05
-0.0077039150139463
0.00714783323058775
0.0040252740352833
0.0061264789054178
0.0055394074050343
0.00819391341830163
-0.00438579029308402
-0.00573394731301202
0.000646842450929503
0.00237321468102413
-0.000920222019207578
0.00836511129320823
-0.00522596867033465
-0.00485553990739288
-0.00208703010423006
-0.00267334938545226
-0.00742136067825495
0.00170193440205615
0.00316366769560002
-0.00287539857534918
0.0061942752672899
-0.00227248020631344
0.000688448019199965
0.00054714342431472
-0.00194006507696203
0.00523275955575684
0.000255319077195082
0.0035155433969017
-0.00153066643019016
0.00116671719004189
-0.000721387731632748
0.0060172639811056
0.00863477655992394
-0.00022796004675185
0.00531265010068432
0.00539411320915086
0.00390963410588215
-0.00490875475072813
-0.000978214473309787
0.00114301803431507
0.000592667938853855
0.00231006885480675
0.00644339383996988
-0.0117918543263671
-0.0015946456190644
-0.00429842827505697
-0.00732257625198582
0.0012549650283497
0.00352489709742824
0.00276469142608819
0.00601571623253751
0.00602757513749943
-0.00733548847143285
0.00255232730392873
-0.00103690965081892
0.00703356219670853
0.00256732269833245
0.00379609155964759
-0.00293710099477061
-0.00475797113389759
-0.000896363200933636
0.00234806106851649
-0.00114721540651788
0.000666339401796149
0.00179569279234024
-0.00615838682175983
-0.00640464398502723
0.00134896247972584
-0.00801289349928654
-0.00545341256584852
0.00705120592074619
0.000851149042224313
-0.000361312018164245
0.000523296543748958
-0.00391682710873455
-0.0042021883160444
-0.00627018594876446
-0.0010461131721737
-0.00405658652557445
-0.0107672449145004
0.00770410326586775
-0.00304292189821789
-3.66319568414444E-05
-0.0030859316708825
0.00590589780476004
-0.004534808918301
-0.00425221991757842
0.017602157538288
0.000628798715720062
-0.0053268305083118
0.00886178672685398
-0.003595151557947
-0.00364876096001469
-0.00118285470306303
0.000296491542800044
-0.000956385264564352
0.0040692441529517
0.001969844199457
-0.00724765596776936
-0.00435103047814436
8.50449680126629E-05
-0.00166653142711576
-0.00287465765681547
0.00156492099048057
-0.00258308555665384
0.000660757535571117
0.00691262403515025
0.00501665603493962
-0.00502349413324692
-0.0117341163121902
-0.000628279139005886
-0.00299934965300357
-0.00113338327715305
0.0015915987801521
-0.00323645003476574
-0.00102787876346999
-0.0115285158371007
0.00790781863032449
-0.00219160032208171
-0.00287651678805471
0.00440359760419286
0.00629871310698271
-0.000291188882519018
0.00363573901113849
-0.00474444553160371
-0.0120956525278129
-0.00270227845967783
-0.00765899581129419
-0.00418304584787696
0.00521690999340736
0.00641369689769233
0.00180128066242095
0.00711906156878809
0.00405481428809795
0.00437514621484429
-0.00155222269000808
0.0111663560076253
-0.00981565333116223
0.000247766920619546
-0.00275632474408428
-0.00415317674215907
0.00929610945717636
0.00160855973778817
0.00884930998771197
-0.00114763155368724
-0.0060858898488677
-0.00224769178683899
-0.00711273028999979
0.00497209340133513
-0.00574405060025698
-0.00313204899434593
0.00445493074639395
-0.00117773471579122
0.00263681277459425
0.00501245022151162
-0.00610295162863509
-0.00386587549017892
-0.00210741718245426
0.00186835567985642
0.00263025405332764
-0.0147779835600676
0.00241057353602689
-0.0048654879739062
0.0038742448597704
0.00856492832639604
0.000578363404223258
0.00723648008067066
0.0016960431834023
0.00405513621195228
0.00577327772463558
-0.00505212577754098
0.00247150127989217
-0.000776645902439127
0.00357471019254289
-0.00515364535566416
-0.00205587665777806
0.00600005050321295
-0.00265694328458267
-0.00201420836975545
-0.000458569903732267
-0.00563862702459639
0.00370020078623709
0.00507211909253337
-0.0129520280846109
-0.00430997023427919
0.00252759111754755
-0.00277447544128986
0.00761324955720257
-7.33215286149721E-05
0.00233501216921476
-0.000818226551663673
0.00387396252803451
-0.000171952293363407
-0.00393629322769018
0.00585331890263567
-0.00696582018226429
-0.0034028217629092
-0.00462440170116337
-0.00665981505370087
0.00258064205866137
0.0118044535862777
0.00466676873190135
0.00388674340682335
0.00168031974332144
-0.00152847368618788
0.00273125559017429
0.00080295830142418
-0.00252925084695852
-0.00308745362891055
0.00721136644161143
-0.00620589254814553
-0.00888621382331684
0.00747490983519997
-0.0103442167528819
0.00574321789962423
0.00132477685188949
-0.0114378316852671
-0.00556221518801792
-0.00392008721174987
-0.00661239614054592
6.45043322203921E-05
0.00519853379836316
-0.00398925518437108
-0.00682516651469892
-0.00126236228212856
0.00493716447472018
-0.00449315875610089
0.00380666179196135
0.0100029060943882
-0.000289519413618978
-0.00611594615005979
-0.00773667949791229
0.00144651073005708
0.000870735994342227
0.00247949271752988
0.00460007019815122
0.0023753845401209
0.00630339746906957
-0.00408778488297496
-0.00222734256380816
-0.00315733980137034
-0.00484980541819726
-0.0110975795689205
0.00120429275557278
0.00502038291881568
-0.0012303654240981
0.00368919430738118
0.00143762623643909
-0.00208879580611618
-0.000958664114836664
-0.00248293325485827
0.0110876155505185
0.000983367466052718
-0.0020045550617969
-0.00746072661739577
-0.00276489468654315
-0.00573888079495039
-0.00878797699352926
0.00204062274093058
-0.00495560575550293
-0.00173102444266531
0.00493964223270921
0.00110047800074981
0.0112256380753928
0.00196292689014369
0.00307849250917144
0.00506735629449289
0.00492631776520251
-0.00204969718923708
-0.00235737708429869
0.00885476692798793
-0.00451326828833047
0.00302393529149946
-0.00537615130204487
-0.0108360775709427
0.000966593042786628
0.00430844165479548
-0.0107649413547546
-0.00207262007980434
0.00232675795005241
0.000289309702580162
0.00088583556106219
0.00382550637853085
0.00958479442328682
-0.003100994745602
-0.000151064496150196
0.00520750958712004
-0.00357365512515492
-0.00445272851898385
-0.00236971164691361
0.00338472781388946
-0.0121527378472298
0.00539470503162355
0.00107658793724435
0.00210470911047973
-0.000499647523140828
-0.00175315863102381
-0.00256730717874098
0.00737920602601312
0.00739074605438363
0.00521617796793517
0.00447366939534836
0.00643674051462826
-0.00126885657064017
0.000692508037211418
-0.00251428189687504
0.00190256138366019
0.000606249697559014
0.0116211815252052
0.00930867615743941
-0.00667452254257744
0.00116667775734571
-0.0021965031259886
0.00697125113349412
-0.00248260130097447
-0.00350455481465271
0.004435188019959
0.00618879684731159
0.00693468328916263
-0.00324894515869601
-0.0123795139585742
0.00261648859838822
0.0101335975010282
-0.000837823485687299
0.00188845843585259
0.00527111398618277
-0.0109959713250189
-0.00757459287023876
0.00353539687295134
0.000791314146644748
-0.00988943338826554
0.0078254415965622
-0.00420143163965206
-0.00213085024335932
-0.00592540205718921
-0.000776113773037855
-0.00173906591002284
-0.00293023285933931
-0.00138381218654279
0.00443986814069399
0.0103923186519002
0.00901819855181762
0.00718021749715975
-0.00104133374986486
0.0117860108385646
0.00819299720691358
0.00787907304928676
-0.00566417847658112
0.00999722015393812
-0.00995939560122883
-0.00302290192205994
-0.000501153504177018
-0.00475402685714667
-0.0133871689521355
-0.0104801212292847
-0.000703984860301795
0.00222557366614005
-0.00552387756688823
-0.00384486001164919
-0.000212299468801816
-0.00080280999651831
-0.00724656538199995
0.0022597523437447
-0.00199624738974792
0.0145124134738179
0.00628781343602504
0.000991765653874626
0.00278688313083187
0.0137205257421407
0.00662170209011521
0.00437128401441349
0.00240009646298636
-0.00939128047128684
-0.0107817425853406
-0.00350715021730928
0.00702462547820598
0.00235117660443414
-0.00110935455026046
-0.00765795050745169
-0.00993927190052422
-0.00854703033808939
-0.000661081644586127
-0.00953874459273432
-0.00189647427007872
-0.00478333508264841
-0.00108656399867337
-0.0152662102897369
-0.00390070602256302
-0.0018058233581375
0.000328643220271008
-0.00129850043390886
-0.00207635679367298
0.00164273947755767
0.00124904207880172
0.00482606855093801
-0.00389261782971382
0.0065022801399987
0.00826195998947352
0.00323259055548731
0.000274925688171093
-0.0026231872932648
0.00819780759548217
-0.00457499658262273
0.00634302975617049
0.0142722346540778
0.00583527524283176
0.0050104787954771
-0.00042375441668684
-3.71686467020534E-05
0.00259901952180574
0.000626660800922975
0.0183530113037502
-0.00380021206750858
-0.00689919931991877
0.000929439407613172
-0.0127496886019617
-0.00560731543399591
-0.00394465478404323
-0.00979370530070902
-0.0141900858067684
0.0033781427209528
0.000762083320155754
-0.00416603044610842
0.00764354062184504
0.0104763410002803
-0.000865647297643574
0.00316720602941016
0.008763846525368
-0.00115654690528463
0.0119166724116656
0.00587679375180281
0.00338058776924535
-0.010368898102644
-0.0100309320848416
-0.00500857171364339
-0.00922017242514178
0.00764743698575653
-0.00376246598151333
-0.011711971950817
0.00537056540869417
0.00906697225473054
-0.00199279118449677
-0.0113732416008674
-0.00119188947105553
0.00613396278696997
-0.00509913283432433
0.0043926159782667
0.00290767366453593
0.000450258615789467
0.00266693872101037
0.00571072442080435
-0.00370621154175358
-0.00795566185782192
0.00725889842094647
-0.000434304255270523
-0.00108438761236472
-0.00685768186813691
-0.00171272804707946
0.000455027130720311
-0.00447783138269016
0.00552071805664118
-0.00709011998941587
0.00297310578583749
0.00790974175194811
-0.00540298608343209
-0.0126160048896419
-0.00389740850765693
-0.00183148888031462
-0.012328204724601
0.00786238078276795
-0.00342200692948384
-0.00647768917861523
0.000510195701966619
0.000330119342165832
-0.00267428618665905
0.00486134111970917
0.0122365601026287
0.0037953070383345
0.0118202684792831
-0.00657125027847826
-0.00651818074463628
-0.000394964716921425
0.0031150814869451
0.00763306141671921
-0.00798939985807776
-0.00971573422537132
-0.00133188560966879
0.000698250162700834
0.00310361907173134
-0.00151154604081613
0.00893240591614442
-0.00720241221271353
0.00234873143203861
0.00104630819063923
-0.0153888737198078
0.00166346639724617
0.00863190506791456
0.00310006620603509
-0.00971206574467955
-0.0016442587090215
-0.00206431301969329
-0.0147536463224612
-4.95327023343973E-05
0.00385281694251701
0.0121795917322316
0.00479974261661113
0.00453625018391071
-0.00292940858966219
0.0116833917476989
-0.000263225029258508
-0.00461391087920106
-0.00535337344306289
-0.00276081692864474
-0.00193496374392391
0.000440683300667876
-0.000388978584564542
7.05905237755872E-05
-0.00376029965365919
-0.00842970227482424
-0.0112162141541858
0.00392745305582172
-0.00936509748601283
-0.00171310455962772
-0.00384144622207458
0.0076509421916831
0.0149713174569087
-0.0262055726934755
0.00183106572000883
-0.00205687912906062
-0.00507057483236873
-0.00627247312608817
-0.00751411004427109
-0.00754873046731231
0.00247885187031679
0.00130723301687451
-0.00457596104658232
0.00144414664101825
0.00143664108670097
-0.00420747638537486
0.00516123820725284
-0.00256177823718536
0.000518055241036571
0.00406179680725595
0.00669218085764914
-0.00602494435474446
0.0051798391799721
-0.00749249712769872
0.00041267324451822
-0.00733308668072173
-0.00226852321459285
0.00246400794186773
-0.00821636834196435
0.0109810517269506
0.00283200653500954
0.0123139491235195
0.0031706025247956
-0.0171581531956023
-0.0127329715510716
0.00802842008628566
-0.000611560482309476
0.0121929488678513
0.00321536813837404
0.0112388533797836
0.00389608640163025
-0.00253966007913221
-0.00799316898960132
-0.0011969514221091
0.0148328584869867
0.00136023190696224
0.00122391317396695
0.0115595361325398
-0.00800725151852872
-0.0241010950428553
0.0085990042130714
-0.00893385488136574
0.00948571133587681
0.00276115076778885
0.0054552505672662
-0.00461677600327029
0.00861444353044438
-0.00462582847959453
0.00114677982734519
-0.0052517922926915
0.0079643837296705
0.00674704678398336
0.00837485555207136
-0.00263829072655742
0.00250755804548747
-0.00144272768749004
-0.00631934250010058
-0.00575620073052287
0.0127875121851158
-0.00288678946645174
0.00379155458529515
0.00299854574697995
0.00307292708369411
-0.00799235113687944
0.00394649783380473
-0.00171667657652512
-0.00274277232659488
0.0125517349216731
-0.0105032890248659
-0.0174913701052088
0.00377672712374969
-0.00465570365704698
-0.0017401621863648
0.00608382996277901
0.00921231400679327
0.00272208126472808
0.00756195163500061
0.00366497849240093
-0.000625349074427218
0.0149363797880218
-0.014505995784079
0.00490546425490747
0.00256517367557679
-0.00537203576041991
0.000711199804516929
0.00651905948331237
0.00403537492023753
-0.0058577848419139
0.00137262207120349
0.00555663365643645
0.0048108411821003
0.00470920477747317
0.00645123999444109
-0.0028488940071762
-0.00425187560750655
0.000200893296999188
-0.00567397838762301
0.000832073612930682
-0.00229895214887338
0.00295309450846514
-0.0109043741316974
-0.00322839238497267
-0.00370946804113753
-0.00230281372610949
0.0093265293856216
0.00771151955840239
0.00541423411219898
0.00653513909066429
0.00453348800371922
0.00626289825534607
-0.00525180194479598
-0.00344981091483085
-0.00137720714195616
-0.00521352938674544
0.0131151489686338
-0.0110795066043742
0.00142779874134335
-0.0114577720579884
0.00125765493830959
0.0254863934346766
-0.00152174433959689
0.00527032328323712
0.00963059280534486
-0.0021553580140836
0.00113109843690862
0.0176201619300155
-0.00156865932781011
-0.0110016535964232
-0.000192303030857469
0.000995558765590327
-0.00904689766129713
0.000205810622727522
0.00701195230452422
-0.0200965888071993
-0.00899300652320664
0.000567359217227556
0.0100964414835317
-0.00267123043967495
0.008342387051045
0.00320023308758263
0.0162994797062338
-6.78975907380252E-05
0.000182220626516911
0.004565132956845
0.00145295410536549
0.00305158318242244
0.00409275143406765
0.00605466667671779
0.0167188621744855
-0.00052109475882633
-0.00486019954024412
0.0128747374648287
0.0183358256968084
-0.0138820946231899
-0.000137010961815
0.0128797321580926
-0.0105829979655255
-0.0128346069038254
-0.00147931210192511
0.000441214264974083
-0.00872225980938757
-0.00514865642736164
-0.00262948626726986
-0.0131922431758939
0.0020086464999099
0.0242432638836829
0.00438458146796671
-0.00100922704572964
0.0105529598068491
-0.00863968411878138
0.0106537922195712
-0.00987067252948948
-0.00825570386626878
0.0022084321784881
-0.000863946085300124
0.00402627314797033
-0.000252228576986484
0.0057501798938632
0.0136310102655845
-0.0022181529143221
0.0108579958616258
0.00745073749151667
0.0087195150738072
-0.00800102392861848
0.0179189733088644
-0.00275904294380835
-0.00228725596442159
6.90581855428787E-05
-0.00503509551086134
0.00495509548899679
0.00433318098187795
-0.0109659549848515
0.00648006148729037
-0.0153002530878881
0.00841509239976083
0.00749569865111116
-0.00231328750183815
-0.00604030267604619
0.00543356731053035
0.00746545312339377
-0.0120696190728989
0.0110034650628692
-0.01767153719409
-0.0042286651245569
0.00605404432736727
-0.00790932896968586
-0.00441485207412042
0.00476512652820711
-0.00220515839303327
-0.0109499305201376
-0.000773613123321786
0.009675964046932
0.00440798265881726
0.000284605368933174
-0.00649196896670044
0.000214527323287553
0.00266495798818246
0.0123268455319456
-0.00795244862533834
-0.00222163653059775
-0.0148232974562051
-0.00713369776300495
0.00188341125368777
0.0142063743882916
0.0188715210997874
-0.00249480633552296
0.00602038097114667
-0.0127016340034721
0.00492624913455934
0.00785255843598832
-0.00540507301254798
-4.33276947559924E-06
-0.00476971378364757
-0.00524279275689809
-0.0125745676224403
-0.0142795026946211
-0.000412555090747778
-0.0144359100658449
-0.00849238375267736
-0.00234073712970302
0.00273682106745898
-0.00152143539307827
-0.0240823963465276
-0.00365712241129539
0.0120617906377534
-0.0057461525840912
0.00743976557419912
-0.0114834475466659
0.00579846713706834
0.00038855515307682
0.00731943849671085
0.00392496232912569
-0.00745027413413665
-0.00190768441680363
0.00254553394509135
0.0123379750463859
-0.00836736220866242
0.0029122731487871
0.0021377617740494
-0.00945084184845606
-0.00705793466210821
0.00335437495267203
-0.00284759549441752
-0.00596567973402076
0.00175712912214133
0.000419189610190236
-0.0160572858653837
-0.00567101532643275
-0.00860550837952506
0.0100462110497196
-0.00468851805857859
-0.000463054541338386
-0.00539119796012721
-0.0028667758587171
-0.00696880574913264
0.00779825833530391
-0.0171647214743421
0.0110789761761044
0.0100195963949186
0.00384086755138817
-0.00691510024278713
0.0189840323019752
0.0128928249683872
0.00640070673228603
0.00669432153722606
0.00668580967144191
-0.00160037653921225
0.00567379932851981
0.0111601886468994
0.00258588776641781
-0.0034086487126018
-0.0147058579991947
0.000228296450006189
-0.01662477166685
-0.0036554252649774
0.00580854150872796
-0.00128854797920252
0.0042242403475183
-0.0101468375429611
-0.00118218582587902
-0.00133674353538695
-0.0100626525298773
0.00131063347494199
-0.00174794921365937
0.00205975183599084
-0.00310260638055148
-0.0148648240754372
-0.0125015788902656
0.0036913617290399
0.00303882348285667
0.00466244274113964
-0.0118007793429392
-0.00082843496522194
-0.00646636545856694
0.00480850079529095
-0.00510386057306009
0.00119022736340246
0.00650444173812233
-0.000189245149465864
-8.50261937234128E-06
0.00843645726047339
-0.00411320973823103
-0.00324694433986316
-0.00391809246800496
0.00429195822160705
-0.00310130241961989
0.00743633897289447
0.00579787511723733
-0.00151911685149029
-0.0081214549880318
-0.00391103222429376
0.00423540458168043
0.0069909278042011
0.0161749505883275
-0.0134678332940029
-0.00527695456527294
-0.00447591519129012
-0.00366111094372087
-0.007854890049923
-0.00982665893617026
0.0143152298625186
-0.011394585490981
0.0128992830059853
0.00140382809020598
0.00315494122040236
0.0116024126032174
0.0114747599972278
0.00635985190215792
0.00775966932751807
0.00945550973585406
-0.00698446783811232
0.00257111657311926
-0.0141967725176078
-0.00850509721054656
0.0112473717417485
-0.00358587189877082
-0.0068079063447949
0.00145537812960639
-0.000233181327425896
0.0118904852548279
0.00212059662407146
-0.0140972382431132
0.0108039017903538
0.0046865048916556
0.00825405838522973
0.0115088688564461
-0.010213299732593
-0.00964417989245884
-0.00903002926634987
0.0144320313897583
-0.0130490534834479
-0.00397080308562702
0.00475391282385779
-0.00640993920593362
-0.00856095315525656
0.00276384611869467
-0.00555051970805415
0.00446912443900351
-0.00944087435810437
-0.0031527124753936
0.00419829328265043
0.00850806790957288
0.0100850475060128
-1.87362817719254E-05
0.0137094020480787
0.00316919266367984
0.00364336530871962
-0.00834317459317133
0.00757380746264547
-0.00410856330543941
0.00323237614886335
-0.00576197402234902
0.0126746168341973
0.00872066422338622
0.0064055257596401
0.00505734142251692
0.0025132873915351
0.00944905569914098
0.0152044127162862
-0.00396608120597566
-0.00327962204086067
0.0139601925558262
0.00304804682159266
8.56089849288822E-05
-0.00228241501971699
0.00693432404054387
-0.00354925375020061
0.00996739539519702
-0.00956127636446958
0.0111203437759409
-0.00170323425312426
0.00707796946982986
0.00596308644495639
-0.00650515334761415
-0.00276408886881814
0.0184222710431859
0.00180537729329133
-0.00602180811957547
0.00655025937036274
0.0197873404710383
0.007979897043845
0.0181283838414764
0.0119571546711237
0.0120351899619888
-0.0042545663637279
0.00428838517171921
0.00348078453725451
0.018627020746659
0.00442153230514542
-0.00232480047346463
-0.0201778873249488
0.0015663420351154
0.0085976879576749
-0.00393544704884225
-0.00746055909391748
0.015930416938562
-0.00285862383070897
0.00106999187388675
-0.010821790995471
0.00708866615342725
-0.00127831436491625
0.00972226827045605
-0.00395182896556234
0.00716441629521258
-0.00477120092940244
-0.00661376975442807
0.00826080721494071
0.00232270178115757
-0.00494112821785486
-0.00519352844591292
0.00653068353442364
-0.0219767954563524
0.00167676316436929
0.0121634430007479
-0.0126049074914228
-0.0064358907734798
0.00857165059340753
-4.64657567995032E-05
0.00538921952773715
0.00826374876654499
-0.00755744146011338
-0.0022292974819758
0.0119049772431998
-0.00779900616598504
0.0094773386478873
-0.000752129298566138
-0.0127909482044118
0.00273735305856654
0.0127793802166223
-0.0137261296953824
-0.00429548727928037
0.0017177660965126
-0.00647762921255231
-0.00272598064999733
-0.0130451517605918
0.00109626794803395
-0.00431024773126479
-0.0056421872701793
0.000753219004858389
0.00882921719290711
0.00557587582277947
0.0116926291852954
0.000416520967047597
0.0120291330491386
-0.00249666374469231
0.0200960663569232
0.0043242321373421
0.0021147405023523
-0.00248825455257865
-0.00857427483895215
-0.00426080454313415
-0.00627710917808783
0.0125898328177158
0.00491557866483559
-0.0023343993216682
-0.00622449204583841
-0.00157974954399119
0.000933907033372767
-0.00854125424427131
0.0110817969639436
-0.0012448958003398
0.0128894456557892
0.0115873501427698
0.00509682632024157
-0.0122217368985694
0.0133601449833813
-0.00448801675655159
-0.00657424136766593
0.00585816500011101
-0.00865827404405557
-0.0141093277605185
0.00534785203213195
3.22706398535025E-05
-0.01240320290311
-0.012089293292859
-0.00197395587169686
-0.00810533081952786
-0.00992823839843373
-0.00551878089214239
-0.00414115754087151
0.00638944253377332
0.00136443872575105
0.00210025216595767
0.00256468153226329
-0.00179655706883776
0.000580055174882775
0.00308898720888188
-0.00797332628181298
-0.0115537849540647
-0.00194703415778605
0.0127382087982142
0.0196937094226439
0.0110737688897368
-0.0069799874711437
-0.00415819414164072
0.00612900424236654
-0.00740086943010728
0.0100169140142773
0.00165110417432566
0.00580623467115919
0.0203514797086255
-0.00144372359810725
-0.00623215342610463
-0.0119994398808925
-0.00720218048447411
0.00675361613792059
-0.000831558073859556
0.000509288933126305
-0.0103161943536595
-0.0076893970234213
-0.00691986001645664
-0.000727487776469387
0.00821409492544695
-0.0171032134468841
-0.00984592545185821
0.0190444305170878
0.011500403350398
-0.00461675039452248
0.0160219966227241
-0.00330540957494335
0.00628290659473126
0.00791468066677137
0.0103727941963093
-0.00815382951232204
0.000388757662235576
-0.00423428092120355
-0.00530748874718145
-0.00513484097638257
0.00322607968531102
-0.0135940079331496
-0.00887126833145593
0.00262528764722145
0.012384326451502
0.010775451277783
0.00492359208460341
-0.00250442880855463
-0.0173683632112667
0.0040315565117001
-0.0214613679886102
-0.00602057674277584
-0.0159879801212477
0.0165137440937198
-0.000496009854236104
-0.00594778619117615
0.00165528253119728
-0.00155259275033923
0.00524518674563066
-0.00878085708272258
-0.00371304766979843
0.00134932845089074
-0.00320818388863918
0.00385411692264594
-0.0128637566457453
-0.000671946271549188
0.00158647987355954
0.0102105868192755
-0.00480539669711594
0.0174416766942203
-0.00513543232039105
0.00193072083666759
0.00488162303369791
0.00086796533551448
-0.00723483843473785
0.0058861505875707
0.0137216678110984
0.00522424063279291
-0.00536259609538679
0.000113523131853077
-0.0078343598810212
0.00493702647749161
-0.00349664389318928
0.00822094232780221
-0.0126769559466544
-0.00426801168632418
-0.00289864462081229
-0.0165831088839002
-0.0039454599805837
0.00674906753663872
0.01522981130716
0.000477828654311481
-0.0127402437531556
-0.0056301243742612
0.000231434415319548
-0.00203099880725306
-0.0104156161321657
0.015388175724913
-0.00217999955215507
-0.000926051768528784
-0.0147875010961904
-0.00634323862722333
0.00955321164214913
-0.0149186958040627
0.00744913180683869
-0.00869928529455129
0.00212350399148378
-0.00445006731913463
0.0123004152217873
-0.00699468547613415
0.000111712615974506
0.0117812078809812
0.0120382697991993
0.00483409544143673
0.00807069382477959
0.00986178129979673
0.000613719963038286
-0.00890635246181096
-0.00502747435614463
-0.00708421910022354
-0.00707471405475252
-0.000177724197159134
-0.00725180982014622
0.00131660168648337
-0.0110843888661194
0.0125015311666655
-0.0140643983043462
0.00438696737891686
0.0205958875195611
-0.0164143979119858
-0.00309395693703005
-0.0162477648157734
0.0195514025333682
-0.00178766549320324
0.0171202851428048
0.00484090084856294
-0.00234232276125936
0.0215815900329115
0.000284431176190327
-0.0144049114849379
0.00834946264868621
0.000312342597586893
0.0123380809378887
-0.00686553834419052
-0.0142083209100327
0.00594902800510441
-0.0035716521051753
0.00349902886871293
0.00391191603355404
-0.011147298583751
0.00949393374925061
0.00144488323772403
-0.00478783614198473
0.00280308333142887
0.00555686666567027
-0.00172014172910152
0.00451453821402304
0.00185308709252717
-0.00217006472116901
0.00399201017633338
0.00264423507616395
-0.00632676330218025
0.000155651228499694
-0.0143622432387519
-0.0101034289425723
0.00506099589441815
-0.0101266791312678
0.00278275172804779
0.00420092100483485
0.00136362720405195
0.014308321875173
0.00201151554521008
0.00261558713494958
-0.000273687237473509
0.00664427298479409
0.0230635676687587
0.0197338463165092
0.0187358848305732
-0.00397042637335041
-0.00688689482058581
-0.00206787559026977
-0.000391704603002
0.00349473218168178
-0.0167181804206924
0.00300638817531681
-0.00686962668763516
-0.0150317736253087
-0.00825405548344956
-0.00145124610833064
0.00171696443569909
-0.00432390894533403
0.00424581540111503
-0.00691743420867155
-0.00117848382554791
0.0176757318622148
0.00447987408891496
-0.0159176332255242
0.00655021117633436
-2.75604550533695E-05
0.00341862831677407
-0.000717912507935747
0.0119348736103134
0.0077148529581577
0.000578038106289047
-0.00388053803695007
-0.0021177703626344
0.0116976388159681
0.00580785193105298
0.0031987404943738
-0.0114964396329261
0.0117119334512522
0.0102689771954254
0.0128329037614265
-0.00659457902334332
-0.0087548156720722
0.001991611560276
-0.00576636667152475
0.00642223058318184
-0.00993324364478901
0.000439068774333953
-0.00159476645539503
-0.00110982161116006
-0.0096969500305223
0.00953997090746345
-0.0165998853207161
0.00612891707950078
-0.000908149132394612
0.00339885483878644
0.0117914461912222
-0.00721332041148615
0.00332935000387993
0.0101138483841917
-0.0152193451869853
-0.0154874901311652
-0.0126782548653997
-0.0102830815414087
0.00563560487603615
-0.00215651066383314
0.0050965706788947
-0.0053197746011009
0.015893396540542
0.00301075867914011
-0.00549891594884629
-0.00506967106208053
-0.0157876822389433
0.00695345337324142
0.00511585052421003
0.00472441855027441
-0.00584417288320342
-0.00632236257913579
0.000186994983362469
0.00150599968733274
-0.00934142879042188
-0.000666924185343156
-0.020635828116654
0.018616084057284
-0.00898093830374845
0.000724751037876748
0.0117041859280205
-0.0248021359160479
-0.00398373016393975
0.00536459599313149
-0.00926174665541298
-0.00289090873974923
0.021457814072278
0.00977614681873627
0.00820566244892141
0.0181658629408545
-0.00144649418374172
0.0183123290633739
0.00662929153911906
-0.00694159716345596
0.00133710786217513
0.0147632544761672
0.00970829515168647
-0.0101842069546273
0.00610660958391827
-0.00953198593571115
0.0123369271193254
0.00174478613112549
0.0150665893446306
-0.0100433238322503
-0.00211525898941725
-0.00250961790194767
-0.00689111215104296
0.0020946434280392
-0.00582405902544869
0.00765338800257975
-0.00336141868129759
0.00783219999706935
0.012503322074089
0.00100454020790376
-0.0135136802542951
-0.0104706571414334
-0.00280918465007463
-0.000444680717382656
-0.00655810942318317
-0.00506087182860884
-0.00950028603646773
-0.00179663131741806
-0.0151758397288708
0.00652584212486172
-0.0055576259252482
-0.00435618953661714
0.02571533025741
-0.00672725232123598
0.00382882323252134
-0.0149660995659083
-0.0100839098185259
-0.0112242641993708
0.00824471880605617
0.0140344890227431
-0.00748265296138765
0.00620752357509316
-0.0144578551876573
0.00217833294454007
0.0213099829851609
0.00157959899029326
-0.0315294533055447
-0.000274841316404377
-0.00206854198898183
-0.00249907430167191
0.00555207280626199
0.00384839414173813
-0.00989956366538209
-0.00401632493647816
0.0050456894415208
-0.0115704669718458
0.00146089396494334
-0.00915730408990729
0.00466114047815107
0.0125793074965761
0.00310366700546161
-0.000799827971235154
0.0087987016668509
-0.00244851060455579
-0.00482710958579191
-0.0166733497661372
-0.00649140289301888
-0.00937987872927868
0.0139530289196967
-0.00338611086118503
-0.0149702280773733
-0.00251735054211553
0.00402614046010842
0.00869225382000658
0.00420073549018371
-0.00323903955563691
0.0159994675611111
0.000588726676870288
0.0205276490536451
0.00247467906792825
-0.00722903886674364
-0.00951758609446594
-0.013304009578196
-0.0127559935287569
0.00678398623801379
-0.00402016969304442
-0.0185970406913824
0.0238760535036882
0.00107048308708902
0.00916618891557319
-0.00688514648504514
-0.00305763127072302
-0.0105553020671493
0.00158181653345941
0.00313806375831578
0.00614263582006369
7.63427460696889E-05
0.00464117405209045
0.0107532198523657
-0.0128281338531392
-0.00111269603190361
-0.00689640805490161
-0.00085828815909673
0.00739307874026311
-0.00968976922612541
-0.00331680167381579
-0.0115699986704007
-0.0121030515761879
0.000647648867403909
-0.00068740104510098
0.00275398798293253
0.00961305627587814
0.0045907385910124
0.00534717555415313
-0.0110717742015449
0.00491949691718547
0.0134508682754125
-1.29918712357941E-05
-0.0193648836426377
-0.00348997747371417
0.00347665929205623
0.00290681875388357
0.00149689772433966
-0.00335778593135447
0.00698140955122507
0.00171612104136841
0.00310311078423277
-0.00931518203861287
-0.00672262474697098
-0.00184931686332208
-0.00615835053126229
0.00300405436480241
0.0189943751760072
0.0100972219401922
-0.00829517720770894
-0.00749702376524937
-0.0178558119710369
0.00868979271549856
-0.00714062176392861
-0.0014182397487878
-0.00803347254735604
-0.0214659386992299
-0.000170749041822074
-0.00114325921080569
-0.0118738984421337
-0.00347891105337909
0.00588687791450115
0.0286623650690746
0.00372359877229728
0.00372736689084769
-0.00710755950755812
0.0039598659047025
-0.00622660321792716
0.0141326666348823
-0.00363504797483282
-0.0156380766192398
0.014753783848277
0.00969803354048909
-0.0167381692408157
0.00306699514171202
0.00556859608329708
0.00891233653522452
-0.00985199917045
0.00914416329660709
-0.00430042820396618
-0.00413541992263255
-0.0142708170087923
0.00615851961366605
-0.0126660544148273
-0.0239444936192736
0.0125736507358506
0.00527340718195536
0.000425431256523567
-0.00843936763441802
-0.00706120217752356
-0.00703682569242394
0.00475033092170938
0.00501215968393178
0.0149292794947976
0.0013641008622344
0.0176768585698184
0.00469326921368503
0.0021977357810272
-0.00759648922790527
-0.010518204848581
-0.0024044268908377
0.00051498293476384
-0.011506923792872
-0.00307449418486437
-0.000242998346699271
-0.00116110757130158
0.00487917460698628
0.00218008822709212
-0.00524319508222553
-0.0045335793713912
-0.00815648782047343
-0.00432496232449207
0.00479193076310517
0.00604763625680376
-0.00657994981773028
0.0148377081262271
-0.00959744639910132
-0.0328792611435828
0.00943876594594517
-0.0106031570583784
-0.00768698210732115
-0.00491224825189851
0.00873727516754268
0.00473831827676305
-0.000809948473521311
0.00346611138967106
-0.00667039052528341
0.0174705910773168
-0.0109357076738763
-0.00474395808761813
0.00315914588887663
0.0033874316711187
-0.000218451728660538
0.0109807830410352
-0.0077823079989584
-0.0123023779613612
0.00859051805657418
-0.00078911721111693
0.000505723697562329
0.00260830204831514
0.0114409176832483
-1.96887721912672E-05
-0.00563995020528593
-0.0181199315679301
0.00579949544290621
-0.00612094229463769
-0.0148925082449472
-0.0202866701333185
-0.00803537071374442
-0.0145746511831875
0.00361937613375439
0.0124832411460921
0.00521444046630004
0.00569703868012449
0.00510859258226605
-0.00934672887627131
0.00433732940631215
0.0149618569528115
0.00102484370300329
-0.00613281294009772
-0.0120767033631417
0.0228341035739178
0.000928340291650869
-0.00622623891486103
-0.00343437535761707
0.00762806925174272
0.00761978206602935
0.00213932139276704
-0.00276845273151864
-0.000286564380781286
-0.00678982907595195
-0.000146513662374648
-0.0128491730860281
0.0131399000675091
0.00575303025897629
0.00138274338969995
-0.00300697834800779
0.0172869581866083
-0.00915167079385363
0.00763757763203605
0.0122451967956191
0.00380470568015109
0.00834390829720501
-0.00977315911899925
-0.00866448651558219
0.00323964563001579
-0.00216734379127912
0.0164467463993279
0.0011462566220468
0.00592320534401333
0.00237122842833719
-0.00513327081414819
0.00407363213074916
-0.0152963465576895
-0.00173632832684348
0.00861137868137126
0.00176151151211834
0.00742656386962591
-0.00847523033568139
-0.0029928536857122
0.00558230298046322
0.00131069711950715
-0.00228914568292999
-0.00242909646449152
-0.00751767228043018
-0.012293094579429
0.0259366927899652
0.00766176626012845
0.0168809551034921
0.00223597968135809
-0.00689876035669475
-0.00250767806252526
0.0141813108737277
-0.00218944038449363
-0.00674547750857174
-0.00491975910739453
-0.000113119941102962
0.00126741480919729
-0.0122360025860659
-0.0084483159084171
0.00824514873190656
-0.0188603785000323
0.0172112822009942
0.0039294251599562
0.0219674090861245
-0.00182928927814532
0.0142828039862066
0.0208334195110044
-0.00151185447555106
0.00917648661061119
-0.0054022646415477
0.0169502328251192
-0.00670345478043145
0.00759346529071472
-0.00866511506323827
-0.00625981739807513
0.00227686993673493
-0.00243043831200891
-0.00304495372373247
-0.0111011781295442
0.000728968657119837
-0.00402895822745867
-0.0145609844047146
-0.00459943344915345
-0.00341757097185574
-0.00322576675460817
-0.0104488181358912
0.0116146457218197
-0.0103661462912053
-0.0101117662399916
0.00101145871095516
0.00831372064076827
-0.0125004570987765
-0.00453649371711184
0.0143014161885947
0.00286967165443251
-0.0121759501128025
0.0049044424514665
-0.0187891804373771
0.00293464003613538
-0.00193398981192525
0.00431194688275405
-0.0143654265292149
0.00895729794318998
-0.00826474187939869
0.00572157564427257
0.00818040692816969
-0.00898364922641095
0.00976437090127093
-0.0109392085859882
0.0159022687436662
0.00787925981976529
-0.00374712821904826
-0.000175669033599083
0.0129046156888753
-0.0025347917076109
-0.0058407009287346
-0.00448672647853315
-0.020626616365012
-0.0113499301799744
-0.00264957648868394
-0.00407936709079558
-0.0130706019317806
0.00194414091331273
-0.00957446490636367
-0.0193723905503919
-0.00228269184972343
-0.00486634284433867
-0.00117580289303378
0.00625717013464463
0.00533776198988296
-0.00973666927000653
0.00187195643150826
0.00713921923909657
-0.00740102818294796
0.00599342707305526
0.00371730421139743
-0.0144571571910716
0.0152464990356799
0.00544878790942264
0.00326096529327678
-0.00316547325557434
0.00883146612920338
0.0118524492794767
-0.00409055557678154
-0.00181455563920215
-0.0097654293114386
-0.00281012395033911
-0.0161022656854804
-0.00305939732800794
0.00447074177004978
-0.00817884854621851
0.00194754059862638
-0.0174859963944441
-0.00368466847924264
0.00554757978922003
0.021871444688544
-0.00355179351957773
-0.0205655411689012
-0.00723695206679212
0.00463610820328573
-0.0028680060161184
0.00362572343194899
-0.0143399468288065
-0.0186894400483379
-0.021575125370331
-0.00999630954817347
-0.00605276445654033
-0.0145738180411045
0.013941257188489
0.00365013545317667
3.17475478482399E-05
-0.0109914613678462
-0.0152523565651876
0.0031599700100911
0.00842771266409578
-0.00163084233029391
0.0114118836240441
-0.00647533623028379
0.00701762459258421
-0.00538149003348476
-0.0173149017938459
0.00838145496797297
-0.0172091504702967
0.00892497231555311
-0.0108516510100445
-0.0219292355105641
0.00780032399879595
0.00026689061470783
-0.0129117645430876
-0.015607777006942
-0.00395745486459397
-0.00440942926006479
0.000389623526786585
0.00839629639155392
0.0121954661809852
0.0102341523125441
0.017835203975908
-0.0217735124174309
0.00929450655724678
0.0113005631828042
-0.00310872879635929
-0.00108972597161581
0.00426134702752732
-0.01577927535072
-0.00104306667284524
-0.00458919975352847
0.011446655833036
0.00938528169789184
0.00073100846654944
-0.0100069915771512
-0.00801404743695382
0.00864991789704972
0.00931962370594194
0.016797563502635
0.00243148342317195
0.0106098088127516
-0.00322424990850366
0.00854217101133622
0.00189612913292004
-0.000987762806751412
0.0129885156762798
0.00813330129332498
0.000835718430340843
0.00501604735652966
0.0239243174786031
-0.00450293103770428
-0.0185375443745493
-0.0180215049936562
-0.024700336669102
0.0117459034560262
-0.000937757020176425
0.00513921593013106
-0.00182178406024667
-0.0135694327157876
0.000320408248890442
0.0158760817950267
-0.00821672466969139
0.0049695420268813
0.0111508946505406
-0.0203890004001481
0.0178511126751707
0.00670210251196536
-0.00670525992249596
0.0114589277706425
-0.00596432858757362
-0.0107793866715176
-0.00312591409760851
0.0089669671052729
0.0073058733696206
-0.00607830510140159
-0.00273041256339306
-0.0059663604518555
0.0118953817172253
0.00178153515614353
-0.0189987414567042
-0.0198947514112966
0.00322730865926938
0.00684920881623654
0.00673629527827442
-0.00450377535436272
0.00144680761997069
-0.00624116940710608
0.00303234225937166
0.0025861206033113
0.00913249100772517
-0.00234237111258476
0.00752993417931862
-0.00297403137282302
0.012790084952652
-0.00876551602704015
0.00323695301992735
-0.00573866187153874
0.00314172003778547
-0.00183516485893068
0.0126690876813237
-0.000969917630900344
0.00419704609956093
0.000155862726156962
-0.00335769799198758
-0.0195126902945869
-0.0126120758524707
0.0138290891675672
-0.0186555853296864
0.00419917212804896
-0.00182933363791289
0.00404646513756155
-0.000472422734085459
-0.00239796155988875
-0.00330200695713774
-0.00550761033200854
-0.0109448489444542
0.00761989887542923
-0.00542651793842253
0.0190503738808929
0.00312168473530162
-0.00273772086606819
0.00236576160357523
0.0163018139588823
-0.0077846359972102
-0.00591116470877887
0.0043015772780204
-0.0121375002908631
0.00123335180131296
0.0132444045126465
-0.00974908620760937
0.00359775765956772
-0.00754156806960542
0.0187298564209797
0.00404090959137243
-0.0127088013678762
-0.0148619230809018
0.00520194150066722
-0.0162001158543848
0.00522031278600893
-0.00839829550237788
-0.00104799430811608
0.018207028274192
-0.002001433473313
-0.000946742877884055
-0.0102691180686235
-0.000346938573095676
-0.00981490919387817
-0.00557992649174953
-0.00622305491660412
-0.00951431217258214
0.0088729470118485
0.00403994005452491
0.0185535786162333
-0.00657739643077897
-0.000565685164912748
-0.0116977144136025
0.00588626947452183
0.00300538560002188
-0.00310400268037916
-0.0059051352242634
0.00605182496510361
-0.000649779785953277
0.00446344838641562
-0.00974976813794275
-0.00901567610924538
-0.00299183930145632
-0.0160424269435993
-0.0115783819452512
0.0106345579828099
0.00578404445544011
0.0014142548888058
-0.00100908463760259
-0.0123366400331026
0.00320011754052642
0.00505402057261691
0.00230859180762671
-0.00379276220141143
0.000714147994235649
-0.00457918605087414
0.0132918961903606
0.00520003440553992
0.00772981752202745
-0.00447658314142952
-0.000599943911551094
-0.000857425390597858
0.00118816100148581
0.00164404716751109
0.0119571078474649
-0.00521507968262809
-0.0109333595120901
-0.00724293942710787
0.00132952586421553
-0.0248130173284195
-0.0039607585373033
4.1434015915022E-05
0.00504955214988025
0.0128345654470847
-0.0037155757319374
0.017106403923177
-0.00274159252297103
0.00237845024873864
0.0134192946603692
0.0249961320339346
-0.00786013960019189
0.0124283050481137
-0.00251897707450991
0.00479568106842841
0.00813511160549724
-0.00426813418646281
0.0219409672999665
0.00155153118907289
0.00798189845643199
-0.00526265394016497
-0.00445723425687043
0.00834122566426858
0.00363739693097631
-0.0110290876173492
-0.0064976819099609
-0.0100166234078297
0.00261134093734269
-0.0139060437778374
0.00737737414097076
-0.0054711502024809
-0.00298178194512026
-0.0157490955052244
0.00869694048320637
-0.00579607649310418
-0.00996755199534017
0.00466260488555061
-0.0134979290471801
0.0049421177132011
0.0105821161754701
0.0106306534364862
-0.0101437865311458
-0.018484421610025
0.00404099017055772
-0.0143872321117827
-0.00922965096539718
-0.0111312518605591
-0.00686522333021158
-0.00654638738688665
-0.00538594452759158
-0.0124325864898824
0.0157458431877626
-0.00263622626522811
0.00235239103699569
0.0163206764713776
-0.0059495871526072
-0.00442128418488287
-0.00232253795783179
-0.0140574443017917
-0.00413884264617574
-0.00270864096180334
-0.00251461313337977
-0.000142722622815398
-0.000841349668652877
0.00439296473327
-0.0206976328683586
-0.0100796293888502
-0.0235955276828396
0.019262114859549
-0.0074467935669369
0.00688636364346653
-0.00902633143458289
-0.00867268824987084
0.0174081513615046
0.0237192608991535
0.0108436836002576
-0.00484012594573317
0.00146101180363628
0.0117194481285924
0.00605325278865675
0.0124075517969454
0.00413770129011344
-0.00207178139663951
-0.0200266945934139
0.00815387911794575
0.00163582336107881
-0.00601638191701715
0.00396962368755893
0.0111383054176795
-0.00938301901967788
0.0060581256391817
0.00563195745332753
0.000361996409382053
0.00234662574228334
0.00270454833553733
0.011014898959655
-0.00317122373327413
0.00909437115222046
-0.000941238238653695
0.0116613984756256
-0.0063558022878889
-0.0078603129367821
-0.0105757510509532
-0.00681653757405243
-0.00753160001018894
-0.00309858253443001
-0.0203140808209756
-0.0129824868051888
-0.0110569021515053
0.0125930843827618
-0.011867549669909
-0.00890899515275482
0.00548869645018188
0.0122727198478038
0.00688523329712384
0.0201384284328335
-0.00292137359198264
0.00203979354936203
-0.0108597351990949
0.00150331054160796
0.000188908052125787
-0.00136732119064457
0.00782488702508771
-0.00276250691963898
0.00280011203755417
-0.00523278577781789
0.00082576908176566
-0.00700303895660906
-0.00704680242826267
0.00270705553988411
0.00385843444296529
-0.00996949943266631
0.0157145156557659
0.00101619929771592
0.0120550661897121
0.00712977508116369
0.00557939294969403
-0.0027461717506013
-0.00300452652760614
0.00193081635014349
-0.019320349080522
-0.00776178547502211
0.00481487327618785
0.00581892202483693
-0.00390290724714439
0.000845261343483542
-0.00428240782400015
-0.00375659307918061
-0.00840747667985526
0.00765828195797973
-0.000739542322698592
0.00216749770228911
0.00713658236489734
-0.00290290864832744
-0.00660854591198777
0.0108371972975527
0.0171394322302084
0.0183912771488337
0.0129055630922858
-0.00368809814975395
-0.00269425851584502
-0.00657740340340071
-0.00505919732107426
-0.00568266271242677
0.00848025860515254
-0.00215607951845211
-0.00198091310946785
0.00765764744659335
-0.00258380424517114
0.00619460550228253
-0.0100336033279126
0.00477487035521531
0.0105480841940982
-0.00193180549559681
0.00312561010273201
0.00582748085442305
-0.00210985782180639
0.00872399196363869
0.0113047112995558
-0.0101064554622228
0.00966933749681106
-0.011724963848868
0.00138354986150288
-0.000999529712545882
0.0136732375723089
0.00705981098198857
0.0033335899622641
0.0146372277870193
0.00621431417456082
0.00348502181866319
-0.00471817196797913
0.00482230151388798
-0.000737065177900005
0.000554263308805989
0.00708301160446761
0.0171745424265067
0.0144400547631562
0.00733859691979879
0.000189111318526401
-0.0142412876541688
0.0180889348245922
0.00226596330034501
-0.00304711692120123
0.0125578158776876
-0.00518350359469696
-0.00127644905754475
-0.00668608151077789
0.0066513609481284
-0.00295900794350391
-0.013265178904353
-0.00608827920349508
0.00753824980096078
2.08845498366026E-05
0.0220182721343164
-0.00499948918163168
0.00366424604047143
0.0258739063579398
-0.00458669863685059
0.00127843122599519
-0.00142498615326483
-0.0112172444480968
0.00755748345566963
0.0025163473620453
-0.0141439535515456
0.00398403512803034
-0.0135787153422339
0.00149091305104999
-0.00122106891226544
0.0171303230524241
-0.0125983112245949
0.000115682985035364
-0.00286145688911705
-0.00439609156949654
0.0176741500811322
0.0152342859380249
-0.00710444305195578
0.00780616137615603
-0.00618373618595577
-0.0110043324672544
-0.00985143202608034
0.00662134638842144
-5.10725225332285E-05
-0.0112480862850498
0.00703170529233418
0.000617369756373396
-0.00813484745584425
