-0.135318819699261
-0.219354836624599
0.533984260299721
-0.705719663968649
-0.873969822671598
-1.42359404925422
-0.526246506779794
1.05027154400461
0.571708129222361
0.473634208160287
-1.56826261692783
-1.29782187123520
0.414267031063562
0.179370465658768
1.48521334171926
-1.20753179745787
0.366766556425301
-0.749992038359067
0.560551041249551
-1.73434720485639
-0.246005915546482
-0.614459741216874
-1.95513493794467
0.706800233985901
0.546509262791870
2.11908450194243
-0.487934084329482
1.17017574597051
-0.743999451310857
1.28371321637230
0.759390107859902
-1.69123381930885
-1.16110045875188
0.270767653648290
-0.650718974568873
0.618906921306841
1.13016659082352
0.530462957944018
-0.414095571448389
0.168896975148375
-0.370195667278278
0.474376071481101
0.423300394131519
1.27963635751643
1.32521691806792
0.0177432433232753
0.314827170903065
-1.17493426033831
-0.397170202776269
-0.901420804404406
0.898000559305548
-0.611817591891798
1.20209264309062
-0.489166748580990
-0.325667486474332
0.919785075499680
1.62690751887176
0.691170592201861
-0.654771369311650
0.259912688439512
-1.64824528369140
1.04973961831143
0.256610819258276
-0.901164899382664
-0.170974212029423
-0.529240957566165
0.878246692126005
-2.77726424247744
-1.63423277965470
-0.431537681551065
-0.249337200463522
-0.254006666823546
-0.183330077815165
-0.132524493250731
-0.0449730843150128
0.850102243503472
-2.67516143676928
1.79172615322594
0.345301396923244
-0.0162063073976360
0.0127878232276221
-0.325341173960221
-1.16748990606426
-0.485507182084261
0.946971735725941
-1.31015819303262
-1.50047052911479
-0.654217871145380
1.65591897374383
-0.783784799573738
-2.02206201615500
-0.805959764871983
0.830270461150974
-0.670267832484050
-0.141677370033814
1.13016788933326
-1.68004465359634
0.492609065568403
-0.0587029128446958
0.841986300762556
1.09084727758855
-0.271012494446294
-0.597818312909498
0.774875511738061
-0.334613767432370
-1.79624128086247
0.109366312157780
1.34092745915158
-2.62677700712593
-0.0966215263063669
-2.51497612303475
0.606734456966340
0.694015019674124
-1.45202790581112
-0.357299733399225
1.09346793589386
0.964983388539045
0.674535134289157
0.575115276856244
-0.0233898551006510
-0.141556907417118
0.332667589034043
-1.76319867204522
-1.29315379771826
-0.394971719114751
-1.13492489805814
-0.0766918498182430
-1.35058411352756
1.27269336873726
0.438016738259482
1.14452208164397
-2.11585238441088
0.643282039160837
-0.861975473389158
-0.0390228293098358
0.157732058469496
-0.103888647680792
-0.269777844723101
-0.356401287495818
0.186569028222553
-0.225149154243510
2.04083204724359
1.18219005143314
1.88319309821904
-0.995559692103921
-0.160329702934416
-0.0612501063785256
0.803057585040716
1.55779712738310
-1.51734472504384
-0.189667948563386
0.805055071854108
-2.15276229881859
2.04179131008843
0.319011597259577
0.575145959488011
1.06033399212367
0.913859006659332
-0.265573455312953
-1.30592142911581
-0.0298805518201679
0.549522869782030
1.07716862655584
0.328337960955482
-0.285524150215956
1.58732420835547
-0.577181855684641
-1.02415486671095
-0.718576050873101
-0.423990803654944
1.67775274349396
-0.116871177079030
-0.0755018546603176
0.565548700763368
2.73324908929940
0.276358742933310
0.160217750657241
-0.742472466490798
-2.11587810982525
0.0748921561465992
1.47347163316211
0.650481298947649
0.355769546015461
-1.06840613768869
0.148784759542001
-1.11612771688770
1.49218836335369
-1.27583936597311
-0.883573852171258
1.56346078665193
0.852218162034362
0.177423133053154
-0.299092499337291
-1.72839747030824
0.0904308096324795
-0.822637536405988
0.457661512682687
0.0424908806811276
-0.704295819207873
-1.41705593014545
0.712539243849155
0.149604153738035
-0.813182788452446
1.23022026280886
1.68776317431609
-2.53569316315648
-0.236903896186832
0.870363893765901
0.657506654501543
0.433970951959479
0.291829941073133
-1.18182400735958
0.308927941765135
-1.16915665541854
-0.864145974130665
1.70038185139842
-0.213614688356872
2.36372124671791
-1.71813627904562
-0.191222491323877
-0.846951618586640
2.44528456540387
0.401388197153112
-0.449342801528574
0.656979197870259
-0.294720338583493
-0.139503049619382
0.260308345976145
-0.215609558947226
-0.380011088440262
-0.538025703699529
-0.0810475417785284
-0.0185771116914879
0.919873301855298
-0.622333263989521
1.00302746401609
-0.0974947490466513
0.397856679432896
0.601680853789048
-0.306807337679946
-0.0522140284746918
-1.82121805911093
-0.553202229071985
-1.93804916625324
0.420431252498692
-0.251896489739108
-0.398702512322035
0.0355152890066367
-2.03341525737429
0.274887599707278
-1.21744293743729
-0.513606668904685
-0.532337817285417
-0.280583148994598
-0.933402782732136
-0.210728660412448
1.67087169367015
-0.359945899902374
0.454212236730921
0.970869128812294
0.128522004477249
-0.646077749480484
0.607586158026085
0.0259418116277500
-0.187806104019263
0.817786974134699
1.86154592992512
0.441233209140239
0.0394167104313684
0.670708654680839
0.440796430699680
-0.335131391345134
0.621042914107875
1.52413413171390
-0.422364778266029
-0.172266394453507
-1.38739525144681
-1.00925211955547
0.0554106714768836
-0.126524655553834
0.990375170571608
0.284534170267111
0.0167205411719600
-0.0212091621780565
1.29685215484490
-2.27450988670350
1.18403278331725
-1.45088642296063
1.64393685396653
0.642096812243425
-0.896305478333866
1.16138502093657
0.226612812269502
0.970022538954077
1.00101156312110
-0.729078861181968
-0.643136251285584
0.442535302433693
0.604250199934004
0.353584398286267
0.818435008446157
-1.23066184806245
-1.30928254232944
0.433474182200498
0.149518331759583
-1.43096473371760
-0.0417650464800296
1.75278537653109
-1.83659161362377
-1.84390699162887
0.257699695973642
-2.95844483212187
1.35250096698284
1.12370206548795
1.79745998016804
0.268145026301467
0.117477847450945
-0.642259770732320
-0.00429728000931630
-0.0773840288952786
-0.187727368970416
0.541389608461121
-0.229752028113956
-0.531085528537674
1.15591129456889
1.16415914174142
0.361385514574444
0.144007723445380
-0.604109772306940
-1.09819387989504
-1.87943803702472
1.39481714813335
-1.18672139309331
0.664979632482627
0.667061478763191
-0.299168698957488
0.933040610861938
0.508554160835527
0.674470632878098
-0.0372856909795816
-0.669336272078462
1.18671830212012
-1.38986376567641
1.71705071650535
1.60272827529779
-0.186159713163038
-0.451101188508596
1.23004719636102
1.96272448558695
-0.223175847147541
0.225234331082257
-0.175181385643931
0.698745146156286
1.25546384423243
-0.990637304980275
-1.41579001876312
-0.644005211910180
0.297234869267778
-0.395260053389853
0.688962339724756
-2.07591149308239
0.390841301915730
-0.105984880449076
-0.684957212862058
-1.52471654950521
-1.31950615076859
-0.813578042843525
-1.24493970124157
0.00430446575827848
1.47791221364010
0.626458204717606
0.736584852132759
0.205251172327597
-1.17905318899179
1.49894983810107
1.08185728863587
0.463397896219894
1.18932749090303
1.44755144283138
0.490901622609028
-0.581950189232217
-1.87372901144991
-0.0741473225508350
-1.63353325514244
-0.154695013132729
-1.11487483838561
0.0222534379467280
-0.170214084814702
1.18332307513725
0.397311235950585
0.473535390404570
0.105893499688888
-0.501670999641937
-0.413172799934949
-0.0622937019431116
-1.05611508137331
1.11378546861026
-0.111347328327661
1.16865183935855
0.341959068667034
-0.462115928084108
-0.100982114541743
-2.13004833834163
-1.19514988869866
-0.325822595942441
-2.38758067768290
-0.958717175171017
-1.73942005342105
0.408830372183655
0.281438837752648
2.18168687541169
0.437986045725201
0.416272833704755
0.445410249400350
0.421420026108081
0.605788618177900
-1.00275943239732
-1.96029974825258
-1.87830251931157
-0.495442199177407
-0.400252092201592
0.379550381091471
0.0724714287819470
-0.144075012023149
-0.406405140773052
0.981675297772106
0.914336626015522
0.637144948114586
0.827076206136021
1.42239285265063
1.47255576741219
-0.0344443771732829
-0.286098987599571
-0.668490237479619
-0.422162963426687
-0.430154837017137
-0.580638647529531
-0.224530545254802
1.57941270399449
0.0374708102729031
0.151192464569091
-0.538009638786443
-0.312932519104925
-0.836494837094475
2.13507296162383
-1.28679157798424
1.26043696213316
-1.98764000976133
-0.155621106084790
0.593483231763251
-0.347063509948443
-0.874161254731792
-0.433431236092895
-1.99438790037179
-0.248215288948592
0.428201598079197
-1.70783497950187
1.11028096823026
-0.410436253902608
0.232536606630632
0.683760279752521
-0.0527810896489250
-0.931658019681445
-0.974126401062652
-1.39612013050130
-0.355598741098453
0.682395369963563
0.865044734067444
1.18611308448603
-0.392185644471528
-0.176159254769244
-1.11738950809391
0.841271795871627
-0.964668405345735
0.804634920592727
0.206814425835256
0.663606420061795
1.94016560831932
0.507798186246638
-0.388911708222215
0.466989203982509
2.02510134163798
-2.45148112220818
0.362281196542141
-0.933747575515889
0.119098551305483
0.272640177012629
0.731058414176893
0.344345053976454
0.903994834723997
0.680567797672391
1.15852111267481
0.220175146531919
0.0991028347359587
1.00116007381360
-1.12394153518943
-0.244709702154781
-0.132896545232806
-1.78595175614140
0.839519477056837
-1.12718052615900
-0.462847599370680
0.585247206206620
-2.24546167829541
1.75911905064114
0.220855047123913
0.865811702806782
-1.66377691297730
1.38204549916257
-1.38534267197986
1.90789798606310
1.32830916554171
0.441314870081296
1.90381668507928
-1.40920915599858
0.0351298418182766
-0.263541029083134
-1.18003123857849
-1.50163244842115
-0.492036440903772
-1.84011304860385
1.67190338186980
-1.84156070130461
-0.821951644793424
0.373222425538004
0.0310089292390162
0.206048741514165
0.986232332531714
-1.59111815582510
1.52660860724066
-0.418694553062427
-0.107871315164422
-1.28909618211034
1.65995922142412
0.00570548204654106
-0.0251389104384849
-1.68973063081342
-1.58699065868267
1.42900806089249
0.209200794779528
0.190120747387535
-0.735122806237151
-0.279205672323638
0.789147063499752
0.873282766625969
-1.46503969500545
-0.758652661928528
0.881570878424529
0.180131535462719
0.0477930248137738
0.611106103018869
0.199133096474800
1.80470150136831
-1.00195557067253
0.557486089071027
0.319104587774065
-2.19948222618211
-1.98260918507695
0.426979497083903
-1.14510012958869
0.824749768679547
-0.901915573348291
1.16736966441256
-0.655019066095294
0.109287958668391
-0.360872044340833
-0.427411969735698
-0.625589340042522
-1.02372462612300
-0.847755875631578
1.02625084294378
-2.84425940783835
0.0853415684657802
-0.288274059561015
-2.24620968804073
0.280881145432431
-0.147773567356954
-0.501359633712706
0.418855446309441
-1.71936963789112
-0.458645636553997
-0.272631935909226
-1.58700908254238
-0.0242543709702481
-0.460044574326522
-0.319992010841280
-1.73838162455308
-3.31323588021053
1.16249420632161
0.657122321629941
-0.564784345887367
0.115878352279821
2.50521884077946
-2.17663188852012
0.871899476046838
0.159574520396522
1.24355364762308
-1.28319497220902
-1.41173422212529
1.00275895045245
0.584542695232328
-1.41384005377295
-0.941483958398685
-1.24893258198633
0.166614497503660
-0.382107226505456
-0.483618545701195
1.56878511290948
-0.541707100308300
-0.148882017244598
-0.218105678391526
-0.333920363742845
-1.48415400018641
0.512199521290705
-0.312989404843718
-0.0393370238330210
1.48804810114349
0.0816169424299845
-0.478160685436278
0.00326085469271710
0.110994172830314
0.156990609232016
-0.996620585339443
0.840081067533432
-0.214246310017470
0.704282062934223
1.75156024490435
-0.770678276069746
0.428444071998026
0.458287705219899
-0.695519235297398
1.70094873077031
-1.57859739124062
0.369427754258682
0.303845807127634
0.121040639927680
-0.568386981688513
-0.662569931853169
0.606476620885551
0.533322161587264
0.566275765188453
1.82088656160164
1.37261949369642
0.627982442548087
0.942898769674314
1.36124253960318
1.05206536031778
-1.07774899330341
-0.395797560408635
-0.382895642466454
-2.38765655551640
0.189186233528387
0.264248085700268
0.452131324187170
0.0372733227373599
-0.349984309912902
-0.395482101033079
0.936194257183236
0.234293228636570
-0.346397454020927
0.561115811039890
0.405875357036492
-0.629281785932117
-0.429008491443412
-0.391298495642444
-1.51209093108771
1.00757554760203
0.754546861792209
1.14742982447730
-3.01331886388837
0.467921432554566
-0.724671767187783
0.692231869311771
0.0226052356911946
0.153463214430367
0.984471917432020
-1.70201947001708
1.25676290103957
2.33581147652730
-0.638130894315266
-0.687224234333136
0.795513178596694
-0.114256473065139
1.14668936078368
0.123851869356507
0.563076023582847
-0.253072786183431
-1.73086065353901
-2.18904352793620
-1.40815983926398
0.0885928470790167
-0.667629833679138
-2.19758273733478
-0.768874287716715
0.260225963677552
1.15205417368737
1.82391937712332
1.15019134032059
-0.979550722752866
1.12029427399698
-0.758175780351522
0.870501244552862
-0.530697619081386
0.612507271507637
0.401669078877133
-0.580280809753199
-0.914168178528343
-0.356250079069146
1.64466843316111
-0.756308078410347
1.30872796297753
-1.56891858287068
1.01139902130207
0.851539883583764
1.17927504627610
1.61848135940174
1.39327636549901
0.0378715834339036
1.43753142412036
-0.0490995567275836
1.36355946597527
0.982526558741566
-1.07653294706215
-0.777344523518016
2.19425401157243
0.677758313697405
-0.943173199608909
-0.124370342689419
-0.487646156099957
1.29743023659720
0.566791728217771
-1.68680243776287
-0.0503046065701273
0.347513119903158
-1.05906808729590
0.142331037979070
-0.781309785356201
-0.990182066220243
-0.971882703985405
-0.379503242266384
1.91060205543520
1.65282388115837
-1.10493901190922
0.529776618462878
-0.255550884467982
-1.37722872280861
-0.0558847159168027
-0.531909286924482
-2.57103316585965
-0.727575041042345
-1.42769536317149
-0.859180442325216
-0.111272294421995
1.75576457915818
0.615333841124422
0.655845852862776
0.935885478177163
-0.237249403213606
-0.0879963468101951
-0.503764342652957
0.623996217346813
2.24736937107608
-0.200296845162433
-0.592799670118002
-0.477195769558970
-1.07821930016991
-1.59920440151991
0.0872687942057442
-0.473796187453714
-2.44072953254225
0.624094860687409
-0.995596798834142
0.0421088195264589
1.12693072773765
-0.394177667434935
-1.55976041381022
1.15505716491153
0.632438963759465
1.26246586570020
0.414314467348843
-1.11476168343082
-0.559451702525430
0.797606787505978
-0.165865059190735
-0.0828085182889232
0.129530959224969
0.931615356666092
0.512567832560852
1.85559183808418
0.869667237431036
0.529442371885922
-1.31756286917192
0.414318291910214
-0.522753324832820
0.380026484483459
-0.436360417598219
-0.585914418855804
-0.682971809884942
-0.819952123085044
-1.54658671668401
1.34859910050466
-0.218447852575863
-0.707482381275107
-0.284072747317176
-0.0104025088484004
0.374444875535359
-0.357349787678474
0.631015173890078
0.345484805165191
-0.501140438296429
-0.397756582504963
0.200794912129790
1.35678524949541
-1.07736967101006
0.280928442947112
0.440922098668049
0.466443415049616
-0.0280103845062724
-0.936076284374211
-2.08683326443217
-1.10946802698352
0.333183492392948
-0.915237178570171
-0.142889322719146
-0.973926641146098
-0.834176347998258
0.550549006301557
0.241709986146148
-0.0440026560116279
0.632955575859383
-1.44195484474203
0.417216502747190
1.65239274697623
0.0491305637188649
1.16463250209675
-0.851150587623524
0.279900468165593
-0.0394466251705466
0.417528026676980
0.189475086983572
1.40705028494491
-0.0440508665102624
-0.813027782845923
0.444160166114617
-1.27316772239056
1.74319463252653
-0.680898104668259
0.505961025828989
1.34740591154406
-0.0912107007633267
0.842684225229856
-0.387909436510306
0.704771112842759
-0.337926162576370
0.181606094156930
-0.822809145572422
1.46741154345821
0.0240364487114197
-0.339935616900270
-2.26015825797056
0.323956225934078
-0.170799695622620
-0.440166009934245
-0.450800533515080
-0.908480736416792
-0.334788635425893
-0.946946313140763
0.0580340292650235
-0.460313617539734
1.00316172717004
0.684468249552092
0.548706474283401
0.220598816497619
0.503226448229447
2.11530725953784
0.340374642353066
-0.0220157982670647
-1.08720448865549
1.67244425091418
0.212320381797614
0.268884798054691
-0.705191506051177
0.0965967229527895
0.368466706155769
-0.468555241000906
-0.777371955544519
0.205206679277059
-0.464976481926813
-0.472961357239339
0.901964828982583
-0.157673710393582
-0.0785910991000244
-0.773416706325310
-0.320467146219645
-0.755979647471785
0.655745026265401
-1.00973299773273
0.510795466150158
1.24111457280532
-0.0372656204463478
-0.988331749280762
-0.852015467275431
-1.11118158030605
1.01325567521173
-1.15903350741453
1.22530645862766
-1.88687705265642
0.536729153312815
0.634017728037634
0.226066616384845
0.273936340762684
-0.907949873926848
0.884036640192358
0.908250374567216
0.111329348280186
0.293862129577938
-1.09709833601194
0.00699148528566483
1.84803147550624
0.894361521922344
-0.318234183053639
-0.499933211238520
0.310689091222964
0.124850213389604
-0.663321819143664
-1.09742235569239
1.17790897593540
-0.447322930880562
-0.982362059442059
-0.0806045263767440
0.0504036741026180
-0.698804778506790
0.00611828061853454
-0.533281152392798
-0.947416147983809
1.66098681857475
0.681115413278691
-0.158253317502426
1.82322096041863
-0.338922162167322
-1.17028786787124
0.842702994072972
2.79175973973589
1.47632825641445
0.837994304921356
0.378189441560081
0.579366846838645
-0.788436354201733
0.471943924742448
0.420626315655854
0.812570314404376
-0.702298826465240
0.0750110144382379
0.141413649828577
-0.317270324905586
0.864004583344529
0.481497386090860
0.233412311444772
0.499086926599331
-0.509443095605761
0.724977237393746
-1.60573583556712
-0.0811550398062676
1.89218052060018
0.402475702082543
0.332968394253013
-1.62338965751259
-0.726937969932228
-1.67278192571100
-0.241259005322845
-1.48065029252968
-0.136803668841506
-0.513651975978130
-1.02810762411709
-0.827554537078913
-0.645326779592608
0.614606064855886
0.339614151311400
0.224837647482844
-2.40425122745707
-0.0527436631588644
-0.377257176618496
0.607830915238925
0.828129450863748
0.717902265163209
0.843591344662223
0.293393583568434
-1.50026117673734
0.0218036797974792
0.203451870907802
0.0994840267175431
0.498338770051104
-0.383887928194699
0.335985686513175
0.0912799511936329
-0.476284828579571
-0.514352045514797
-0.648517717464968
-1.93101758086332
-0.759477515576482
0.0337050267020322
1.13361666839735
0.340369807421793
0.402176010812479
0.317070754025767
-0.847975437171394
-1.02907850341684
-0.0197566212674789
0.105242100509000
0.617488053722407
-0.595280085257329
-0.0912043361078204
0.900322744488190
0.291907422240204
0.775306175234103
-2.59344217275048
-0.557348636335609
-1.45210202723784
-0.0663765944896523
-0.625191253791372
-0.107297528360474
0.489235427940013
1.06098311635409
0.190590568771011
1.01322522887683
-0.393253251891957
-0.270946785984412
0.748544681797299
-0.705402736404470
0.413270670255344
0.421820196242401
0.473541666584699
0.880355544940918
-0.858336039814782
-0.143054411666822
2.15504316208497
-0.231078265207248
0.0917042889712149
-0.325480693660104
0.688900786570246
1.33689180845513
-0.635584577774503
-1.01327520217905
-0.811174543128676
-0.973625482080558
-0.818893116366054
-0.385979962903729
0.0473617310193251
-0.242040849291448
-1.34305873918055
0.801875785687688
0.522333888279067
-0.679202280323310
-1.40754394912055
0.588169243234247
-0.421340830999061
1.59789028697290
-0.720455210685149
0.663583017574664
-0.916987654243742
-0.0879272933923307
-0.535683689300722
1.32858396051523
-0.697030519408710
-0.176312810385843
-0.525993561804160
-0.812285665359116
0.610086713141027
1.85238231426203
1.14874396053176
-0.623539041267469
0.614908262325371
0.401938151518152
-0.738760086839425
1.31471256286983
-0.557542914728597
-0.245285711401688
0.453063713431211
0.0187647797895243
1.27802995638020
-0.175817295988947
-0.250975447713987
0.584028023600033
0.387527815305597
0.0326008560197713
0.0963259438689122
-0.126497969586277
0.0689423383458593
0.385289345840399
-0.319318845796598
-0.973296449431065
0.466600448767171
-0.682949007769494
1.23747737728159
1.24952815123428
-0.0597777206651491
-0.366249507150809
0.247025049594514
-1.48050079109771
-1.43523123476052
-0.543950321886308
-1.20520730384776
-0.492983521700937
0.955911756077178
1.35947153733583
0.194254322946747
1.10796975601906
-1.27973273072243
-1.30403683557537
1.69465551081265
-0.956839160046953
-0.521931442436013
0.326842009852136
1.30270412918642
-0.315526444681961
-0.502253935444331
-0.554587577212091
0.534793449709649
-1.60974699108377
1.58273982639179
-0.951174668704252
-0.505325497212114
0.532257514257367
0.431674946497681
0.311609335874952
1.72769602845241
-0.0317370445979624
0.626640178088383
-1.18442410188138
1.28035274470263
-0.939803531232493
-0.788726169407245
-1.98950819773991
-1.18135724506999
0.954324046307067
-1.14626476727168
0.616145969114248
1.47005208704815
0.872904548285708
0.529717100768870
1.07945915154813
-1.59472474242155
-0.615886474872065
0.507715795177615
0.460305411693320
0.387097985936927
1.58487842891088
-0.264094895604001
-1.17155109541414
-0.0561141746574588
1.17280238245661
-1.49960890665335
1.01827129350765
-0.493511377078260
-1.95965870943583
-0.711391184897349
-0.170008194862860
-1.44222025262196
1.61588510052271
3.24726195636436
0.391345535065355
-1.84984274607155
-1.28294160579306
-0.368615728402400
0.319925788936385
0.670758460435859
0.886673744643340
-0.129249543558508
1.22097086421300
0.327455204629396
1.46505675416497
0.0189975064535008
-0.0422428435364820
-1.15466634534446
0.590505966449359
0.470830008872145
0.357413195700166
-0.234347625234516
-0.0283172285224588
-0.526924355849231
0.0897189752883244
-0.899336575472195
0.558333917851687
-0.925720139537159
-0.132154531524844
-0.455377080971992
0.989874883357349
-2.13450963992320
0.623373824884094
-0.00343119678014033
0.674354913676406
-1.28682752495411
1.56802888328787
0.131426980029753
0.0427553345565212
-1.41590668290510
0.274692014646294
0.348911186477780
0.681650873717858
-0.367111368313974
0.225542100094519
0.332909858957038
-0.561435125385568
0.765079207469922
-0.386556897432586
-1.07389076827646
-0.854252503335420
1.52763396311026
-1.01470500250596
1.39131659515320
-0.0354285979556530
-1.21507292257290
-0.481284670258813
0.180307767842964
-0.398128642269252
1.22836470521175
0.0830155516775334
0.877193583026155
-0.151778818528670
0.488545368438942
-1.56350888366886
-0.803295465421924
-0.540419998255091
0.660548070562339
-0.821411567625254
-1.43199086414283
1.10063062097577
-0.802357220016495
0.477325396132557
2.04366440782533
-1.03729217572524
-1.53319351249479
-0.433521350162568
0.633804645246102
-1.25387123153000
-0.304215327753659
0.198120345893635
0.408603469993618
0.521649111883599
0.789461383183729
-0.435298584818573
-0.232710039915218
2.57949180481054
-2.00557171793275
0.185799361332432
0.546725155662578
0.559329836436220
0.755541280573708
-0.645951761184246
-2.11321017951695
2.03744324639710
-0.602740824008335
1.14327893617356
0.662110977302323
-0.259917857808430
-0.418644523162089
3.59548698516365
1.49552446849079
0.422960152945443
0.965704988144101
0.0640484173506767
0.490379739002520
1.16449479400979
2.09483829393999
0.0434991505065489
0.124262135110208
0.263600014005333
0.0807875087036488
0.464178580589021
-0.610607476975131
1.33399704256494
-0.545096411930779
-0.191566592123204
0.313990888388182
0.801299421119624
-0.547525980282813
-0.622397934067616
1.26697650952507
-0.915293542586612
2.05521650500702
-0.490907079304840
-0.292530670706238
0.371628144711788
-1.86468535252246
-0.465260271339797
-0.537352560537833
-1.70297847907019
-1.05793323180928
0.291571529332312
-0.0338570337475359
-1.47359530744661
1.35444806265084
-0.132184570221803
0.381240794675206
-1.24517490465812
0.325992860565326
-0.874449794638196
-0.531283231228115
0.212456887204014
-1.29944277061403
1.30634732356636
0.176309375693706
2.13709973627310
0.125521450289291
-0.205579386005335
-1.13650140431923
-0.979754697578886
-0.462254764478518
-2.09828536560121
-0.151431691208346
-1.26795384311697
-1.34678215447724
-1.17309070315743
-0.0741475163860480
-0.137510130607608
-1.04175958242590
-0.765474307061506
-0.0534278907272715
0.188369416357091
-2.17452673252283
1.48409796192939
2.13218497819021
-0.485758131256901
0.0239192266887968
0.282784883437660
-1.47064129231773
1.36142780819390
0.921996181827579
0.646079464530267
0.194900092874082
0.376616077335442
-1.57645089283690
0.880287768257243
-1.69605062360418
-0.577832715969505
1.27837207789642
-0.782600620466362
0.281286264444311
-0.599544005497311
0.547737024645975
0.0454569988082904
0.369603632082654
1.12465470476701
0.786525116274478
1.15820510530034
-1.03907658611706
0.445279379572292
-1.81914558113451
-0.166972248655925
0.974218431276285
0.624989190311583
0.698392199947481
0.0486074600850839
1.85438518250977
-0.905439490704824
-0.611460174537705
-0.657591482837932
-2.89824611546224
0.460855121528623
-1.73704871242023
-0.283804094634915
0.734380318410219
1.88053311875978
0.415136380552285
0.949543444952136
0.892521401807012
0.179190003923290
0.540466062390100
0.860469370047132
0.295015459126069
-0.626175484278008
0.556582371115368
-0.198391109159559
1.31622037597781
-0.419375436981597
-0.216271705863507
-0.657167337988183
0.578912082191846
0.654885287152154
-0.153177147512738
-0.496439423607861
-0.121428113614014
-0.103026921306206
0.312272362096483
0.206148334882853
0.641169988527510
-0.364639716848592
0.0467528499422194
1.01182811242074
-0.440076279849646
-0.00106253984732778
-0.598706794098629
-0.777219281391769
0.126369105275095
-0.222914888641584
1.61973406133353
-1.08914693081668
0.0941991076662227
-0.100684958528611
0.115453598606755
-1.29722803730754
-0.895141274993763
-1.46677724851892
0.745671515080696
-0.639463371866187
1.09885653371539
0.740985124488086
1.08006608072330
0.466619289094898
-0.860029260084574
-0.128375296366029
0.887621170498914
1.30310811993297
-0.433435662269176
-1.55045103737631
-0.493659815855164
1.78172919240548
-0.302901155298149
-1.12833576319371
-0.499934418977902
0.0291055591969137
-0.190017250612626
-0.624336161319033
0.921271074596376
-0.872032519751179
1.32710470678037
-0.965059432650129
0.751438032527446
-1.70588191678736
-0.781377256939064
2.58983207642869
0.109667377495045
0.516979011865600
0.224663768358763
-1.59701731211701
-0.798473445630598
1.17267322029236
0.345582005142231
0.0762695492077078
0.333999124898934
1.02005992003364
-0.0884444268200862
1.73746442386973
-0.429203677129137
-0.529725550106428
-0.0937618577984387
0.709049167704508
-2.09100638747559
0.649177459669960
-0.750913902345626
1.12637598767329
-0.117957947643072
1.17503485752212
-0.671142733507907
0.179349915313407
0.189707717579938
1.11325735611529
0.0182317258028180
0.559796328650927
-0.0997281378058358
0.234135620104285
1.78925709475619
-1.58526471800956
-2.54239792485464
1.84892979667645
-0.212509446279805
0.839128068409105
-0.118372520459387
-0.524967847656561
0.0571134304232899
-0.753601664060693
-1.02140555848830
-1.18293658918406
-0.102096842891316
-0.519809011233383
1.27238594847969
-1.43903019063631
-1.31749797984964
1.02617930303846
1.28373176437696
-0.0522309981096918
0.284295885813416
1.61480227862785
-0.101443662914744
-0.0298501479665379
-0.680853042846667
2.39715002830465
0.105636661693876
-0.177782509465625
-0.487576876536870
-0.371772429335869
0.870875066884676
-0.169411279148201
-0.970754356178498
-0.245422764463058
-0.763946343093159
-0.305300702183133
-0.829297326031320
1.52796691874762
0.528573649680798
1.95452435428759
1.06132566027820
-0.301586641843706
0.635410580517344
0.516205314519047
-0.935775339315757
-0.466678878560845
1.72145118609359
-1.20211738515695
-0.252246370408398
0.100121528058624
0.00319771625050874
0.137127335638058
-0.199591301255495
0.486618667585571
-0.522969495034667
1.05103884368541
-1.87986769157062
-0.512259799004238
1.82162887711171
1.34131457538032
-1.05053295082861
0.391683786906651
-0.0524558639240248
1.29110377368763
-0.617762999759134
1.33684028875367
0.210790776241965
-1.42163655355947
-0.253239934531452
-0.505482337851760
-0.887287998074114
-0.830595849433025
-1.73810156232804
-0.855433692705642
-0.692629131278587
0.965270607849350
0.386884443600320
0.397315937992904
0.596608458604815
0.778099721661917
3.07380819036548
-0.808640355318890
-1.88042680371499
1.80191736355388
1.20067492809311
2.37363951645358
-0.543782584519821
-0.0629094995463620
0.0379637564534632
0.313469795212614
0.861184014905185
-0.191620483521989
0.0902792098932504
1.69899027008955
-1.47819018164720
-0.0828071528592975
1.40704685655576
-0.804341148502177
-1.87163667905555
1.71179477491304
-1.05181786018340
2.02910017517488
0.906863826284177
0.456531401643136
-1.01254260032688
0.884342433952976
-0.0193104286829400
-0.338227613038996
0.732116989058923
-0.389626838797643
0.645762326074950
0.303871335676019
0.827232742702527
0.336160351555244
1.68558133403679
-1.69386982542648
0.272278052228901
1.54857077000156
1.20533128935358
-1.16265988602527
-0.428473004988913
0.0697456977755057
1.36708515497753
2.55575369521596
0.313725346894925
0.136500951013022
-0.237937229328092
-1.20908449023464
1.76681934708297
0.0122538358943320
0.192102130348972
1.56670929719556
0.0215972575542656
-2.23259797967569
0.865580218867368
0.494033922088235
0.607987981353765
-0.100936768960098
0.696135256727942
0.114637836246173
0.600834481221342
0.869511246912670
0.0432534710301950
0.752959670244842
0.326062072581999
-0.317802331942989
-0.302700404832652
-1.22888255831853
0.504434307830491
-0.0202729124220077
-1.59366216346543
1.46618008970466
1.29111835060654
-0.550872291965823
0.775362582234093
0.264157515780724
-1.00939378109784
0.203652040470671
-0.0584376900575336
-0.992925414213005
1.14548885704856
0.542957970735101
1.89277430657068
0.685645653825772
-1.34663205950243
0.707820539003222
2.18607981093618
0.955091799811092
0.324557274634488
0.922951347924069
0.0592125755481507
-0.457021269961322
1.33737688248114
2.31374639897087
1.15499183422341
-0.125406654941599
0.104357060038038
-0.219542942816756
1.43325429858402
0.994724267741077
-2.05427052526792
0.978712640960241
-1.63784486241219
-0.152850823628103
0.870519434118254
-0.614733794039501
1.15951843531853
-0.822818802256264
1.26501375646179
1.69196575870209
-0.0102280065119012
2.35871910416433
0.307845367009739
-0.421982277271036
-0.0393017118977905
2.55081056395765
-0.0106032377079831
0.596496405618836
-1.93591343713483
1.41045458102089
0.115370724978132
-0.355052420085487
-0.618012254860478
0.103343380487747
0.759599488763817
-1.88512940717596
-0.475509793567870
-0.597319504234890
-1.42384306491580
-0.229296304854934
-0.330821174254824
-1.06616868912221
-0.301017806409780
-0.432597677208073
0.0651502030412101
-0.562284448503942
-0.232972638897708
0.524899795527070
-1.50622168108297
0.742964239087953
-2.96320876357197
3.29799937529741
1.01823269959532
0.300683095604000
1.39727496417654
-0.443707464501717
-2.62244071771968
0.432723072192370
-0.972791974181246
0.230038111626198
0.289080264316120
-0.918654481012186
-0.863159674787308
-0.984566129822582
-0.451879273139027
-0.266305785765185
0.356282097379245
-1.82246066743297
0.982496481037077
-0.120135366536496
-0.669338119644162
0.194494364780249
-0.419778868382514
0.390452418460445
-0.0984217442741856
0.757840619880286
0.294152033054442
-0.439026896301590
-0.260661000213086
1.61391514185657
-0.334635972777925
1.96004980419681
0.603611299434200
-1.41584438563963
0.531820345415716
-0.423123061810169
0.571513923134975
-1.81958268700213
-1.12436394477949
1.04005114461868
1.75039235314397
0.235894878711184
-0.396391594255867
0.252141049478607
-2.25977196804047
0.355017999838536
1.84814449544937
-1.03937824645324
-0.109322557270769
-1.56579870247661
-0.571617717152836
0.889039941811361
-0.206995652411751
-1.27233202923322
-0.918323944332026
1.09493214385830
1.71775823477355
0.162348685966374
-0.0226225175425597
-1.36500372294713
-0.255689129377977
-1.27775798392844
0.293987357163674
-0.434112137354278
1.14870876359218
-1.64827747306142
1.31138978576025
-0.0728217840118082
-0.348825657915568
0.773545201723530
-1.01790025244328
0.0491428166042683
-0.0353197719425979
0.745886428741452
-1.25302700076053
0.0182204722272231
-1.34356891187705
-0.0638448743866846
-0.732290061346539
1.45238742607215
0.293689448637347
-0.705189897740141
-1.50750669692951
-1.18991885987321
-0.908035050654742
-1.11380167700724
-0.467103663351661
2.32701451801929
1.39128993209388
-0.405024018145270
-1.05147044106930
1.32150017047668
1.55422850363058
-1.75465811915873
0.306197476732915
-0.0603829763386331
0.483272066467615
0.935572037796289
-1.50446600801476
1.37796381520068
-1.05070502906653
-1.81907085469199
-0.192955150765113
-0.217915552212185
0.788525100038351
0.221781569881078
2.26653335260402
0.312302478587631
0.268098610025948
1.32404228006931
-0.165874544964971
-0.608544347767970
-0.181549188566452
0.741707216336623
0.946898672276713
0.361637660299753
-2.49775407662978
0.610975832778704
0.197666830730292
-1.16837889654408
0.334311315525316
0.666730788089281
0.642673868562967
-0.00479995048691316
-0.895137779701855
-0.369473900176475
0.872841019275000
-1.32424726374328
0.0482444489603971
-0.658269799990461
-0.856395397630787
-0.610007949560283
2.42541583574588
0.266077698358793
-0.796496919417092
-1.19662685367458
-0.641664959041756
0.366380250649872
1.18678215466690
-0.416358892686789
-1.39547256798116
0.272739160197801
-1.17830008539399
-0.586929972684629
0.754648303666267
-1.02699908216325
-0.811468984916109
-0.979277092426859
-0.712237345796560
1.25260760397922
-0.0377487671345933
1.52467893363703
-1.47941504357779
0.335928472970876
-0.861063071824409
-1.62737413984027
0.502504165623644
-0.346464219986709
-0.423582798077685
-0.646695406976870
0.740681726241063
-0.231989409579951
0.674659588029723
0.0661555202493621
-1.01381782126705
0.902219789562405
0.630241249551746
0.0615034877140385
-0.0372438868593428
0.158732145690477
-1.00993900628856
2.96342148569313
-0.523846510646121
0.480974849592170
0.870540307397991
0.211491236613144
-2.12704500269016
1.12692104685277
0.142549716668834
0.205515637798718
0.187223204189390
1.33691754141612
-1.34092469925421
-0.950164139564433
0.00943543855427459
-1.76959175211783
-1.00770343743730
-2.37761573775197
0.0962841190824759
-0.684195858308583
1.61608926010618
0.299832454908661
-0.350831809778187
1.65961977684305
0.795944595016135
2.10965873778399
1.23761109556225
2.44003221707968
0.268735742506887
-0.579157278839033
0.753231757818419
-0.0428904669637392
1.53498730856990
-3.54204182519051
-0.339785576446515
-0.347098929215821
0.674134732921942
-1.40083326963479
0.535039772279898
0.728701664056341
1.29317114655916
-1.01952732007225
1.20015791313737
0.00411900161767656
0.0701798943607144
0.909664577770873
-0.0499706150051286
1.80044631970002
0.0756705917822202
-0.587075298910013
-1.45115516138595
1.31597792076980
1.05201445668346
-1.09775123955837
-0.400922373994519
1.65584137735175
-0.259633421563873
-1.16131049625030
-1.19947627721671
0.144693734618378
1.50182306298036
-0.897600731390118
1.10136989694970
-1.59904239600012
0.395449666460107
-0.574521643472780
0.852078887756873
-2.20663707025632
-0.217058476992262
-1.07468324251547
-0.266656776222420
-0.880125731341749
-1.50200787926437
-0.426566811699452
0.379360142666900
2.20010251606293
-1.19208536340017
0.422518873981899
-0.877165640177444
-0.787436021775793
-0.314600830732041
0.938508085948282
-0.226075628625550
-0.679235186320967
2.22798138063211
-0.859686225454942
0.436331173481899
-0.430416553536402
0.716603991057313
0.912326624000322
-0.890065360787798
0.371164227754897
0.153958578025262
-1.72965553793709
-0.312085130098186
-1.19355333361022
-1.09359787988523
-0.353187220250986
0.459498016296124
0.873586795817082
1.27895866954805
1.74338744034232
-1.27969491895648
1.80059616156069
0.526416781669644
-0.710793316268618
0.809465032734759
0.711039506528979
1.05599187987591
-2.56472709117826
0.518539757496162
-0.115098564761098
2.02723398298613
-1.35214140760335
0.620269156205672
0.591720132450351
-0.607677771389531
-0.443245241147208
1.90404396846274
-0.0166337298739183
0.797163636835173
0.0451362629760519
-1.57085042953760
-0.567498022657222
0.583895399166387
-1.62313271577002
-0.147525827984409
0.200437655212802
0.440743715750136
-0.688400423681862
-1.25025610326606
0.653040340373564
-0.0492806314596736
-1.29865378122029
0.904873412501087
0.361663691398690
-1.03228513842423
-0.0669145955121292
-0.0647664383225824
2.42529063880468
0.0452993632971153
0.735747933037053
-0.298249295837955
0.669171173599173
2.14264413580642
0.776477154514311
0.306192767347952
0.831759452276671
-1.07551749344355
0.391654974893706
-1.87810310609146
-0.0643781702205058
-0.405124920915079
-0.561347519654830
-0.381766154668287
0.00334167742333529
-0.626148465803042
-1.64285900975896
-0.0802160302840049
1.90860478943528
-2.00316773959234
-0.282284407236418
0.416520984546269
-2.03139549709952
-0.720126060787524
-0.708203141181184
0.526822058862131
-1.13655145778603
-0.462148429294269
2.10444641764958
0.520011691717071
0.387927982283684
-0.412548752669602
-0.826462993791347
-1.18889801532432
-1.03860249258488
0.161832392861070
0.0529338361137799
0.707615430807066
0.296133455161596
0.0363273934976471
-0.0929649012833797
0.900454652113494
-1.14875040180758
0.673851424372092
-1.22272995799591
0.626104815036567
-0.0221837807895699
0.0629703552074505
1.90342129117840
-0.769642164215630
-0.620718265522640
0.392959290095259
0.471133460117585
0.468715227487707
-1.03919482262121
0.335943650409835
-1.38799563444998
0.529116925708012
-0.0689751272759598
-0.413848468952646
-0.651855988020683
0.711913439932881
0.470946095362376
0.100427483730913
0.138224861764320
1.20577067228201
0.144166764545079
-2.50962749376105
-0.320161284119523
-1.28201519110534
0.520947407010513
-1.88222745404491
3.03638496622768
-0.0706195173193544
-0.660319977412060
0.647640266719654
0.574712473152460
-1.68047468930730
-0.850812978754817
1.14040014355524
-1.37168544417229
-1.00149513133609
-1.40600735247266
-0.575880922157171
1.13492769792961
0.917850417508594
-1.93680319691247
-0.267879565213050
-0.702556971454801
-0.563947720515589
-0.0984566798423543
-1.02499331248559
-0.145683342705466
1.38645235939664
-0.285134422709909
0.508772136064724
-1.10310029008392
1.20999793884687
1.59944314360730
0.693674933833221
-1.49576791712595
-0.152941037024415
-0.185787708952226
-0.759548404489231
-1.68297848246936
1.84148025638218
-0.0615293708088854
0.481219091532213
1.12338013640828
0.308025638087901
0.901443472745175
1.55402856107683
-1.15724112369023
-0.466576930123220
0.517041029025930
-0.813034960998903
-0.678760100814594
-0.914704789969793
0.893386415731520
0.605261535063733
-0.208448596898428
0.365126197095228
0.505283735137998
-1.16050457555762
-0.456368592063819
0.552235197320485
0.514728761718566
0.627333031965829
0.799203438216898
-2.89972004648749
-1.31847859201135
0.734491257673738
-1.22143083363473
-0.469892044904816
0.818192681531883
2.53662001247826
-0.179585843708041
-0.203808183920576
0.569779166567781
0.116662764040121
1.70636050151064
0.801954619645753
2.21659132288384
-0.0482502146253131
0.139290374868231
-0.230404869411396
-0.568917103348184
-0.488024649902429
-0.918031449339581
-1.08193462396491
-1.69672447416573
1.28046849499100
-1.98211276969673
0.697232118868655
0.0240434499188322
0.514827930460359
0.571222116645602
-0.283161294737735
0.426524398028925
0.813011271037496
0.446248735648940
0.0513631377351949
0.995847663152063
-0.126154573700231
-0.364662089128981
-0.660822846187725
-0.650110043825593
2.53203501926027
0.983449828474787
0.521624531532881
0.251910807793163
1.07344646722546
-0.301812664114016
0.253218598177930
0.870548996379885
-0.455530372408518
0.441279776720996
1.25843160516208
0.283216226063916
0.787755245237611
-0.507223710053001
-1.45637448039058
0.170663765526206
-0.967782905072246
-0.532086950878245
-1.17048017350109
-0.893218407047772
0.379171236063370
1.49364225050522
-0.589193702142195
0.381177474194719
-1.03215451488696
0.134460741864298
-1.24855304954307
0.873138915055821
-0.229412347423185
-0.964128498349527
-0.829933636630004
0.505907935926038
-0.679047021770495
-1.13119810003223
1.85734179039236
1.66822269528383
0.0663764116511574
-0.612481777607135
-0.374660895221619
0.101132045036774
-1.31322812884558
0.162767942280848
-1.45460274708024
0.539017950290235
-1.52902627339466
-0.232006086096344
1.09510273894476
-1.13226139551599
0.892657059412195
-1.68386116534888
-0.992393744742041
0.276555214807121
-0.162535889950586
2.06196705719652
0.984989624897802
-2.75453965477834
-1.27034045434038
-0.324691937441013
1.15573226516384
-0.972747162145231
-0.446108290673185
-0.0947151547875769
-0.123533383069605
0.872417792049697
-0.472398812624940
0.0762144743210974
0.00383828252987692
0.234544340294132
1.04300418939009
-0.862749145726016
-0.00275795805334797
-0.853140379469528
0.0911543726584634
1.49465249373657
0.575590462616859
0.536165786300457
0.730777651104515
-0.789256424615286
-0.683462431450538
-0.584992947762242
-1.57479076702093
0.420903151596159
-0.640558928067914
-0.523452318432973
1.17651908477342
0.221949002325452
-0.231849594134406
0.0861330030020107
0.591354448897103
0.964402205146421
0.0269074078578464
1.33303310278554
-0.807553158645380
-1.75107080321426
2.27467453575531
-0.297627019361372
-0.964187860668302
-1.80409598591551
0.104098800663414
-0.654978948007377
0.468241132612063
1.35881705794208
0.841429620228392
0.619829210608448
1.33017309585046
1.78704484503205
0.870143707111431
1.39516594809608
1.78960558393158
1.74177281489728
-0.443883110378638
-0.602407961848731
1.97299570562045
-0.537682797418785
0.102148446061012
0.594712959803526
-2.24882813871945
-1.50830123863583
-0.579549715794609
1.18512106910246
0.0945313342241888
0.179708507634277
0.290163865388618
-0.204877339203932
0.562801850917016
-0.553232780131052
-1.45734438175767
-0.255477033143727
0.545459772034161
1.45817772224453
-1.54547151430366
0.983256312261215
-1.19576552034495
-0.755542598256944
0.527581499617471
-1.62394708879993
0.593975226309670
-0.141155011543342
-1.59250687389687
0.304737317034108
1.66886799578941
-0.129181502459257
0.0705073407332280
0.474264531579329
1.49547046799073
-0.238286602795891
-0.262035878262106
-0.636489234110738
-1.52479916513834
0.103413769899665
2.12319598127413
-0.944999149306411
1.78588100603864
1.46541027993788
1.25970647857759
0.781257147200247
-0.610654739113235
-0.243975469098854
0.868038395877096
-0.622896635349546
-2.02152603617809
-1.48019395655263
-1.76105747241601
-0.692573416915160
-0.204246632297609
0.493160139594619
0.437488533573493
0.0842314517139227
-0.720595860388960
0.884592310990430
1.00670672659520
-0.386248663481007
0.446022843018768
0.104100017277018
-1.99363846796812
0.156548854291019
0.790774354626187
-0.147375765375051
0.185619965835966
-0.404469143995606
2.01519224234833
-3.08010103009964
0.0210752054931565
0.0867239547388567
-0.711427902298401
0.198226075145327
0.461604645412497
-0.358214484079123
-0.755441079447648
0.585096680652286
0.212652209425415
-0.641226268026516
1.63672788085798
1.38330019123051
-0.147516569694869
0.697289694811061
-1.30252637649747
-0.605093086282556
0.801416994549365
-0.424050585130103
-0.274012105355568
-0.0620694938994608
1.16525414483258
0.107952615885950
0.718754089865965
0.905856401688300
-0.439532418187209
-0.755917918599637
0.971254282995870
0.481892140522119
0.246240834473911
-1.00698876084123
-0.810383712130893
0.104869068043138
-1.93318222444801
0.818603758911152
-0.648032937872319
0.714937099914465
-2.17359788468998
-0.531667492929894
-0.0961455030993561
0.0656947041891815
0.454850702822792
0.695167015874639
0.282272747560603
-0.0822891128671498
-0.573100875699913
-0.350226686913079
0.998259041062958
0.918059120394610
-0.152703033225736
-0.0234549985635586
-0.804875809482262
-1.44997571817149
0.295135435280194
0.667547801477600
-0.351666824801981
-0.0577276923887270
-0.760124769624854
-0.738916386332533
0.248061651295606
-1.01924297767104
-0.486457996238774
-1.36809646114462
0.146144890202324
0.693169493175002
-0.315688066201707
0.859375466894184
0.181073125021522
-0.837262235580163
0.124175036659762
1.26677530116774
2.00820385764266
-0.643209859304087
-0.163761231331902
1.30555402015883
-2.02208067634223
1.04646193319205
1.10224359336500
0.557871511083427
-0.892342111018583
0.0889460615233066
-0.806476543654368
-1.74163575277803
-0.333355254449391
0.0714389424233085
-0.519223443862409
-0.781509749776252
0.128814486064008
1.20106300003861
-1.38100114024949
-1.06864878045580
-0.313862068899637
-0.436087260450452
-1.77784990622371
0.522316768140344
-0.686559399225785
0.831840354911303
0.843726759005660
0.559065740186776
0.200502449174917
0.777372886690086
-0.151572075542225
-0.162322714997792
0.362695416187479
0.709095568324673
0.661766604175005
0.158628107530228
-0.639524787047552
0.409520316245779
-0.132787515037832
-1.36423151561188
-1.81230627967018
0.466665918240859
0.913986222766998
-0.425951825010229
-0.231204504487899
-1.14725011265924
2.22249085738463
-1.39274320885676
0.210280412586265
-0.266710420055716
0.311986711694842
-0.208603181623310
0.0518131210090575
-0.238613011424752
-1.46589822638550
1.41335909455725
0.798334316758805
1.20798982082182
0.419319965967397
1.22809053435773
-0.256322803755513
-0.0106858979291316
-0.514382743466656
-0.775615234532850
1.26147555856061
-0.460762308632508
-1.22515628347111
-0.862507267624693
0.719909769109391
-1.51760140743603
-1.74013520234618
-0.766766423197099
1.51759767233431
0.322375939982055
0.124171831222088
-0.196669526530986
0.628915643994313
1.20388701495257
-1.25437779921021
0.727451109031462
0.461378297406315
0.897010715127674
0.145700113496755
0.000423910735021570
1.15705925023893
-0.211435641798030
0.713310049396142
-1.44551933114970
1.93781364176105
-0.707557056311207
-0.0632854356286586