-0.899242111618745
-0.487138280107466
1.05430304892505
-0.429023163616201
0.544177521209480
0.358917163349771
1.79732374800243
0.801037870849140
1.57197836644979
-0.502353462934466
-1.03517099686308
-1.31671007283383
0.515734005879939
-0.301918295830323
-2.08260574576683
0.570099617497290
-0.673669536313850
-0.173305691369491
0.648331968314439
-1.60944131691198
-0.629490043975200
-0.371317684896493
1.76600298838968
1.41263622762185
-0.602335620742044
-0.971567976464240
1.29835063605880
1.00385398780598
-0.00346415411825489
1.22434456221504
0.912795352600269
1.32407058699670
-0.0935959495027880
-1.01509843158783
-0.760482069441004
-0.408017156228728
-2.34614946301122
0.438747336601518
0.757003996887035
-0.533202990805785
-1.11650378588958
0.587095023760787
-0.270439269652601
0.719636963661461
-0.845921162250828
0.457299219840955
0.538811101999275
-1.08604209903572
0.0297915998318359
0.823278773205289
0.342082940407528
0.853740163861618
0.723193756029238
-1.38378453068893
-0.427626669807308
0.172375000513546
0.0611583401463159
0.838924157383604
-2.15235804065495
1.08719226243553
-0.643555335793705
0.449607658892626
1.16256644962016
0.141749928164282
-0.166787957330877
0.117069104776427
0.999372711000989
-0.528966044142816
-0.405027973275933
0.756486174680508
-1.02944330475664
-0.266117887092114
0.880331311613982
1.05097669459254
1.07517114127637
0.164242166386268
1.88409408499544
-1.37310311281065
0.0943465306184094
-0.514659909559797
1.06205695612524
1.33197358935057
0.563848976726017
0.268400868682260
0.951798310960139
0.178280249784519
-1.43364794290698
-1.15861866428911
0.507430947475021
0.324141235799359
2.18145192666875
1.21652284388922
-0.262245601619417
0.733685381267030
-0.231845199550926
-0.138485692187187
0.0795521691955188
1.25260194593381
-0.360249323015081
1.29172987461737
0.634556359814088
-0.669500604480455
0.486231814887465
-1.12810046644228
1.04358707650278
0.440539508438252
-0.343180312432890
1.28605289223124
1.76965606731332
0.00239406773557889
1.55557270219391
1.56778452275997
0.443233646986284
0.346112304042294
0.273267594646248
0.968500999331112
-0.238811629117904
-1.62968906066923
0.203821654894868
-0.425462468237591
0.450815613334368
0.301317457886539
0.661708372515877
0.378920504014727
-1.89784077945585
-1.01082011885124
-0.0128306718337708
0.628240994577285
0.355305698711097
-0.391765331207893
0.945326822176929
0.812212030707610
-0.742198870052430
-0.666259781643575
-1.24475751222766
1.15180363194094
-0.873880039956733
-0.317096835285610
0.233759067544851
-2.54496806197556
0.216186781175830
-0.731970802913536
2.26880211097296
0.479528890153463
-1.01462021176066
0.564477067331614
-0.0118471082913096
-0.232554128354895
0.596995943024204
0.157132196815146
-1.79429050195534
0.761686149461735
-0.448771927883099
-0.170772020206044
-0.468401890499170
0.263669990867256
0.825948692886191
-2.04599055660266
-0.812678655891852
-0.380079873536771
-0.829172968084437
-0.283286648977947
0.721641405384813
0.533195615113412
0.139489677082073
-0.887836618568718
-0.766427532271325
0.218385597122082
-0.624154036711780
1.48371211255921
0.916086629961035
0.00668216873342296
0.532059357462941
0.695193128713955
0.780158494183256
-1.05135281583315
-0.195499743728133
-0.281983567223441
-1.36617154491247
0.509359419014866
-2.05119372219771
0.0690878755820809
-0.396494391224469
-0.816476510520871
-2.01558723564549
-0.652951402192078
-1.12649768094311
0.175448357820861
0.117882483205248
-0.547685975713307
-3.11456803120229
1.17601452990581
0.314533233035172
1.11308428063651
0.612717077921249
-0.353890094022315
-1.20622360921312
1.34926032215989
-1.57600088868055
-0.0905467379725931
-0.0837848358444655
0.426406670591475
1.14142969852387
0.755403645633890
-0.0225074859501456
-0.222978087694546
1.03583562267486
1.31119591231913
-0.987931090778035
0.807087438317216
0.429679686277303
0.160392620626215
-1.91052293889436
0.387112365990719
-1.03716849160562
0.106111093936794
-0.228602616446221
-0.132122780313220
-0.727312073528424
-0.715008681770844
0.867743304702158
-1.02410142631592
1.65415272116744
-0.537033443880355
0.393783108354691
-1.70562308375516
-0.774636495240526
1.10574269798009
-1.56414934126650
1.19285643858362
-0.181728996243950
-2.26016384840746
-0.568744336000923
-0.423696177336114
-0.387707638671486
-0.956598465505801
-0.330879018336886
0.756040348932960
0.523090075464821
1.35342298819319
1.24300122555690
0.542541248348863
-0.423126235236728
1.23442509229087
-1.05627409033477
0.495123293748723
-0.889115835558506
0.492260748173384
-0.622037824790260
2.71703301004064
-0.853058582389331
-0.0916773817820689
0.603202669510161
1.43640453767162
0.537342904773660
-0.596189782426109
-0.921834342220704
1.16858894478043
-1.05890177564212
-0.209584749589317
0.256926868806666
0.212906662398158
0.736171707924222
-0.930290935874859
2.13238711790009
-1.27009230055953
1.82597299108514
0.781555490820392
0.304739253966423
0.646704610402133
0.246854363276859
-1.33960668279744
-0.615024850670331
0.918827659094668
0.0892652367417013
1.31249647921475
1.74938472832731
-0.738044135406684
0.278287616760904
0.576207110772397
0.0163129688278437
-0.778493291873419
0.567513527005493
1.20908232826544
-0.848204440255509
-0.450207434354896
-0.593296511006312
-1.29013384628871
0.953924886530271
-0.884635419255586
-1.22880999121991
-1.02409937893640
-1.06766363773111
-2.70739374187528
1.19645805653848
1.21206407212396
0.0297765386849225
-0.553867649431466
0.967017438937701
-2.05012760823514
-0.859530452081574
2.67648126514857
1.38567494796592
0.101789971465079
-0.750848831081271
-0.815188330087325
-0.327654830313390
0.602585665197273
0.895957087901590
-0.0283311357627514
1.49840357195642
-0.224219925564107
0.322638898352570
1.99199840931496
-1.95094140044259
-0.934573773371638
-0.271570041161445
-2.01710484649316
3.32951452263294
0.0674517138601965
-0.174109717818011
-0.403152428029662
-0.249268057433476
1.16595712574681
1.11515320583216
1.13249282348929
1.62348746307539
-1.78244341368991
-0.106257271125159
-0.0371743948379333
-1.88212009311787
0.432597934350045
1.39247665427930
1.38365087699389
0.787961612820624
0.354078295215664
0.373010975042325
0.279224862265661
1.14609977882070
0.257456974129492
-0.691998759585160
1.71547886348669
0.505480641664006
-0.00181071990773765
-0.705448618776726
-0.374449768641576
-0.778503350279843
0.617537037251648
1.31694306065830
0.116996191751413
0.142283423515639
-0.130196234360543
0.0324540898949143
-1.19495062239059
0.266051933402557
0.103037648376753
0.0717435272119038
1.01732163159917
0.856762921997911
-1.10013764374669
0.805007410025364
-0.197409820472327
-0.546880729923910
-1.06109534528476
0.619901984798071
1.88220133467164
1.34679911734972
-0.896312421279870
-0.0550672521857105
-1.05585275177042
0.584218849858013
2.59144375795422
0.386822617327546
-1.57732682600927
1.22450960786384
-0.237609774624428
-0.683457211395811
0.950600198394536
0.475162536534104
-0.717305821517067
1.18227778951434
-1.11872165884083
0.457895396548423
2.03974944627492
-0.578371024893572
0.117707287356840
0.463469600364630
-0.143455412509792
2.05332123162285
0.786054573998187
0.532186229546509
-1.34755608682958
-0.174743048961864
-2.07972033988334
1.72903793447800
1.19397477231858
1.13298473885361
2.10839800081503
1.35341642105262
-0.557990741923105
0.802524627776611
-0.745803809662034
-0.0651045147392824
0.219256122441804
0.0882125109354045
-0.637276397938628
-0.0622968847015340
-0.235956942309166
0.408314654432536
0.992211157907372
0.385600963872654
0.0669697417126626
0.0104890935467034
0.669144639480304
-1.20371089013555
-0.198205904345464
0.365459406672077
1.51014690529856
1.04186783930336
-1.09558390730275
-1.21664631814653
-0.746128591867957
0.741834997608948
-1.67565917795975
0.389574536452710
-0.0179665695842436
0.185988062383218
-0.999433461771215
-0.296483577984948
-2.21397683686169
-1.31597325741588
0.252558185212568
0.895337202436715
-0.235814572641348
0.146748373841594
0.848600447535061
1.06208809100680
-1.51917196188014
1.73709713019890
0.268384183674240
-1.14291882481019
-0.240309260285281
0.737440672401603
-0.743776661810811
-0.582258664907636
-0.525958058548720
0.628008193728789
-0.661025046079157
-0.212103937574627
-2.38350342913704
0.389488836735159
0.834388940739460
-1.81108956120783
-1.23864007587171
-0.134483785040373
0.0806061253550573
0.317561188996988
-0.337216890281668
-0.128444916154621
0.632649169806391
1.00193815358635
0.626522086368166
-0.292461096829920
-0.497977170549064
-0.280552367049028
0.287377878022746
-0.191693106901056
-0.327002436321582
1.00573789232177
-1.29353249554499
1.22876649912861
-1.55485780341595
1.24578793618748
0.245600696758337
-1.24163817367057
0.260014892306513
1.00405354326704
-0.300118387734724
-0.0196884430429054
-0.915259851444610
0.434648050639620
-2.17566472779888
0.891706542495491
0.256053686220395
0.652899518963718
0.0816731080577030
-0.304609562249259
-0.0335283167054882
-0.148713417502158
-0.819588393126065
-0.366797285866408
-1.40164402806876
-0.933765896288162
-0.328618381053348
-0.565860134990800
-0.243902393759535
0.335873479224259
-0.778643708388847
-1.67061223230755
-1.20857793112432
-0.296671061399033
0.221300836680085
-0.103606680550759
-0.753581440397260
0.553023506756824
0.657167068923592
-0.486270038971976
-0.928408236311141
-0.706736088240186
1.23837863225638
-1.28394458666301
0.603111266482430
1.97075617626909
-1.05442731746839
-0.585815900481431
0.371853041622400
-0.417836503352776
1.10403679885320
0.384693272092247
0.373784094679978
0.383968045577275
1.38643719762339
-1.79919840243852
-0.119141895876137
-0.781091135530895
0.324002089538646
0.725377690730662
0.434210692083468
1.35794660933328
-0.491284347315594
1.61592180326730
0.129204072920529
-0.333555979842968
-1.08810773495028
-1.34149888085540
0.385126958616634
0.362843202859224
1.79649821869214
-0.540868121445780
-3.11162578202449
-0.286841967291592
-0.962232030329168
0.841432506570861
-0.315185776447680
0.868211698453600
0.380658088822450
0.926936398000190
0.409056968553735
1.51055810318674
-1.32931116793257
1.46099307243723
-1.16766244431642
-0.451196065797648
-0.0170901678137319
-0.113800986772362
-0.257843009510166
-0.518210649142583
0.952601617261393
0.443934472565621
-0.941094979163205
0.137036206608469
0.219866647253737
0.0113921490171664
2.31314474328892
1.67672976580754
2.07482467624532
-0.929477662441530
-0.277281968204046
-1.83224872618100
-1.34517121968028
1.07557573811412
-0.870495665126903
-0.830102489671699
-1.65328834312886
-0.548873191309135
-0.246261881897611
0.647585080359522
0.847858527355920
-0.0185342671195005
-0.622636495902691
-1.48394411676789
-0.362098396802997
-0.142096800816146
1.94117722756762
-0.865058652151541
1.14965570406202
0.512640136708345
0.755745550644079
-0.612326371631732
0.647422127094967
-1.74325196575768
-1.10924421496619
0.137712937790417
1.92207185110748
0.686975870661277
0.248119794869136
0.258300695504491
-0.0834489320425002
0.263306405762091
-0.0411590997097992
1.22700325619352
-0.947146410020754
-0.0395251123091692
-0.913326237208097
-0.112746156691371
-2.51828809302201
-0.398246366873045
-0.763388338232600
0.899396352596342
0.273288831010453
0.0659511417101945
0.0416781027144856
1.22065533437255
0.0955969565906600
-0.539385543840121
1.18535284425109
2.22938933278724
-2.56358968768706
0.540696620789460
-0.318635982492739
1.38133979461711
-0.164073231606608
-0.377725895912165
-0.334373272585727
0.549484057089477
1.54099743846839
-1.34458655000212
-0.925231545615386
-1.01200042958918
1.27212483507304
-1.48590154513043
0.347362439531876
-0.479198444720256
-1.21124093721372
-0.552775453450381
0.234085908467137
0.416858501532485
-0.998489948679014
-0.528488495021703
1.32777095189113
0.168151220877301
0.458028833733569
0.0604884038991263
0.105156856375008
-0.930894802757279
0.425455061131273
0.933674493371439
-0.0374133753311014
0.406434346740104
2.98122415621222
0.851135690396101
0.786181128477644
-1.36295470578574
1.58718744841451
-0.815084358248379
2.01624599978154
0.134894394658230
-0.519784860210265
0.395009910538167
2.38673367310501
-1.91671242946632
1.23156547561058
-0.113812160120687
-0.806649928269839
-0.559866155081054
2.39074724414295
-0.721579300378366
2.12413602870002
-1.53713314258316
-1.50506295523611
-1.06690230703015
2.29352075904253
1.43602390772145
0.166302693477470
2.46706089865332
-0.0108983493469131
0.479139196834912
-0.945168181448426
-1.42151092938899
1.18579520136343
0.778598351512221
-0.585677877585102
-1.40395086437224
1.06961295841750
0.678404532746093
1.16757172407872
-0.652123393060364
-0.0184516174248070
-1.59538494945037
-0.757193358740320
0.293017291195975
-1.64325517633474
-0.804136255308196
-1.14376975887072
-0.643940730849346
0.797982405935427
-1.35120367627917
-0.890876603119278
-0.291296067264128
1.08219106560060
1.61255235691985
0.0410019294609774
0.595971316726125
0.153711857344004
0.901678799531949
0.246854379670688
-1.43196884000006
-0.718109451840392
-1.34572108269206
-1.85456471015846
0.146968748159781
1.29923643286419
-1.07864769349455
0.995030754921042
0.372424931959160
-0.00944976702726538
0.689615330881777
-1.35122056594412
0.588168862493162
0.665923373050914
-0.447963715422438
0.272070652133525
1.13855776201047
0.137369257773427
-0.675046996990185
-0.144628402691509
1.15513973791823
0.190480812098347
0.732769607711079
0.640690236970443
0.0148798111194748
1.22915442163230
-0.331379447419276
-0.423681593593656
-1.56542281723608
-0.728765389840989
-0.107004796363986
-1.66872560990172
-0.384128764633482
0.220737707139501
-0.453563295628590
-0.858743315018630
-0.382309484448123
0.728815631603788
-0.479881813959080
-0.774274732306889
0.342161126268911
-1.00470746871852
-0.0136666574955622
0.642897228991809
-0.337481947234447
-0.653454250453526
0.0693730889204359
-0.208425210185204
-0.964156109626018
-0.0902259366478085
0.114015180181197
1.22573513967442
0.0320269712743719
0.372623643579349
-1.97581360237559
0.0963385585280163
-1.46552033154397
-0.163898936739914
-0.715961594981520
-1.08503553543529
-0.634837106635134
-1.37323903789828
-1.03915033049740
0.0929545316430330
-0.273909259508007
1.06754778408070
-0.458205563298082
-0.516536211766213
1.71014708207841
0.513188760433684
1.03112529799322
0.408122324580923
-1.49669044829336
-0.0959190031830126
0.158713466490298
-2.04551789275382
1.50534862541877
0.159324402836277
0.437651790620069
0.373995809080598
-0.330700971730649
0.275042983457662
-0.192693199683418
0.994681572614536
0.573179305975556
0.0512185754851962
1.60867040127069
-1.11154977059763
0.229750823665701
-0.136842711959976
0.670906496424150
-0.0139719735616046
1.41978754568030
1.03583487330992
-2.14249433152244
2.29591720445057
-1.15890068575260
-0.335734372340612
-0.104653563117562
-1.95881765474750
-0.992733435563368
-0.0572119210512449
-1.45718005830025
-1.80236753557973
-1.95959577966041
-1.44068764186173
0.0434483174125970
-0.801048073250002
-2.21554670225232
0.0215880146331349
-1.38396879690816
0.631830599246453
0.671201322740771
0.559856054276356
0.510860317067582
-0.711233486817143
-1.94564822069392
-0.116446774619099
1.48938859251294
-1.74088480817383
0.421336028672370
0.410101225706850
0.294586673380134
1.38591284136290
0.292490878767191
0.900799610532404
-0.307369108276502
-0.706323956953247
-2.06814745325341
-0.108257180526736
-0.918190125448064
-0.204317354506562
-0.0734617482329079
-1.08046456241718
0.896656793537207
-0.280089665727659
-1.48798868885898
0.0943132035875767
0.709311290831109
0.215773322110720
-0.817284135329531
-1.06820013874961
2.05744611523242
-0.544897226723957
-1.06574800465003
0.167581298932860
0.846471617795286
2.83422409293465
0.165190159142859
0.335580845112400
-0.159115197115045
-0.148935711170553
0.876865529460762
0.370052206108919
-0.150946166450154
-0.588008576249231
1.60141763156690
0.516588713144978
-0.484027162201851
1.08170472045922
0.341686952073403
-0.239386231519047
0.298204907167578
0.138180531268779
0.478326367024216
-1.05287747607810
-0.767508734197351
-0.688717340329790
-0.622504628844503
-1.55241908501898
-0.200697075871469
0.201624653595027
-0.725234524271406
-1.53886366974535
1.34064305987034
-0.747320361225375
-0.155302391720600
1.35432745941424
0.403428131859579
-0.223340595748017
1.77658017136860
-0.193446786286678
0.156461635515815
-0.695833847197156
1.68795343001396
-0.423416327348690
-1.02978885934200
0.509347871882579
0.601103672850299
-0.790934629172249
1.35212115298990
-1.08313166103702
-2.42930388988556
0.814693008344161
0.924179976895063
0.810438403349287
0.0685025869937243
2.17990857508009
-0.240001088995133
0.485557176663489
0.487576015449260
0.188474394414262
-0.855168324043513
0.279394329868176
-0.463700483799740
-1.07073156249539
0.0913745356249057
0.982403117738010
-0.318250874395700
-0.0254620969577226
1.98284298514233
0.893608946036923
0.729671883024739
-0.0448345042691938
-0.977200842338551
0.355301313548686
-0.103616351329383
-0.150659976364304
-0.192890595455489
-0.418418575889247
-0.507226166095743
-0.139654860911696
-0.268271108622369
-0.586247906797096
-1.45388433185587
0.147329815900362
1.71361758053611
-1.13046206510675
0.158477153884859
-0.647996816763971
0.276909066879122
0.0279408407074441
-0.774010323038238
0.618383193711831
0.520596659985232
1.04494616465831
-0.0837808898498850
-2.93010940584529
-0.709488166217741
-0.555588464106360
0.299740509307673
-1.46630226607797
1.30364321871573
-0.565633195105080
0.286583619086475
-0.630959556653384
0.132437486018398
0.226960800800192
0.346307472217614
-1.07176047251142
-2.00632995295849
-0.351073480590902
-0.821175330449393
-0.0309224967361128
-0.0317366871294178
0.354060020700549
-0.107144870629953
0.181975274738089
0.130555233924397
-1.33723295211657
-0.676751557518449
0.237164723427046
-0.856062077431438
-0.301244045417394
-1.03053245514567
0.928856249898259
0.668611883180187
0.653575137211192
0.352881373603775
-0.395158662461460
-1.16811063106306
0.555520821617356
1.22289864611689
0.578848902292374
0.838900261588984
-2.03386392931783
-2.14474756752775
-0.0611255554606566
0.0198410819475889
-1.04106345517086
0.777171683309372
0.474307660513303
0.578518837055945
0.868140168276122
0.786258880034056
-0.562203496076036
1.28283170681925
-0.0918754934649393
-0.576484377684418
-1.23822777109902
-0.296343907747211
0.358962333820932
0.877086971874670
-0.512082067935217
-0.657958296858671
-1.31401350723485
0.0729282592497115
1.34141200001224
-0.704703405717223
1.94210320276061
0.0912910839684297
1.26478132705437
0.255953907050480
0.322923512196894
0.0707664988213585
-0.795609068318494
0.988080171758181
0.469580049982376
-1.31043722869264
0.567022886826940
1.96639958748810
-0.853167806061729
-0.798639101574093
-1.39219990335125
-1.28180802004794
-0.277525057756325
0.192941290928200
0.780514892517005
1.05566868966257
0.716532843935829
1.83597139458552
0.152266886917200
-1.06939718878036
0.980709972395329
0.551566553750168
-1.16593602000030
1.03808684219464
1.24251558972296
1.91409251843008
-0.126675806680715
-0.628657768172087
0.615757897788461
-0.298435677277514
0.579279485169033
-0.287421274278360
1.80985187284129
-0.707201851181754
-0.0223202617905051
0.275291978330537
-1.67346808658160
0.305613920722683
0.747200425183920
0.742382465393186
0.199932233670939
-0.774887639356763
0.266567212477879
-1.12306987278562
-0.726882364849628
-1.54432823971040
2.17533930071928
0.558422966857493
-1.53093975770177
-1.78130554627936
-0.199086711660755
-0.484972085608344
0.0203629352878199
1.29154465119237
-2.22819847937627
-0.932919596168915
0.686684610751077
0.831262421562858
0.692025220500150
0.811684416935703
0.690927686667486
-1.69548627380375
0.504306999959649
-0.513405432878952
0.666495660354170
0.686345516534670
-0.234262304480856
-0.236157939879611
1.31655420219518
-1.13464634430787
-0.389710821946188
-1.42307078952355
0.158059802735955
-0.976760252460436
0.823264574210299
0.435405413225529
0.766041876709603
-0.0909315449242529
-1.42689826928990
0.454189017415829
1.64822189072028
0.269012742616537
0.488797262533173
-1.00729172156234
0.283320837282129
0.354827414865705
0.200044805616482
-0.604842452882657
-0.390217877365894
-1.51635368405353
0.137568972763277
0.0802787309377506
0.131127432135717
-1.58740738737730
-0.445185642061760
0.632832761053424
-0.370825966799756
0.493611491156530
1.29179565722958
-0.854344558402787
0.703307460054069
-0.877486270260134
0.824610973248901
-0.139192643840882
-0.736361259936999
1.29938847912376
0.940545296925047
-2.01776947239957
-0.482838101631568
-2.96365457917523
-0.610130073321824
-0.0178771223967878
-1.71661400269746
-0.885573848350574
-3.59144289462944
-0.152411830287897
1.35847299832595
0.320585559928098
-0.275697707267090
1.31153658276826
0.127315298030266
1.26124077419322
0.134271834424252
0.711897933313784
0.418680798436859
1.84094114853811
1.31003168716202
-0.948937877473343
-1.03637904829741
-1.64671820950331
0.807864441725145
0.609476826055036
-0.266562729775483
0.588449125068700
1.44008142377788
0.721494595503988
-0.264216181449541
-0.787531099256814
0.881904338511116
-0.808223169572152
0.506561215788195
-0.0737750656922159
-0.941589071462229
1.37676791542469
-0.713566418893858
-1.13810883108569
0.788360483913686
0.375266293568649
-1.45845141680082
-1.71188702777989
-0.107788218900454
-0.590530044318809
-1.57486400322367
-0.578274981826561
-0.406906370827047
-0.205968991344476
-1.31466564536954
0.553858186382471
-1.50696839275154
0.243547466613501
-0.222811173282509
1.46702105528225
1.61044286097023
-1.53828000639497
-0.0294584821593299
-1.28007464661448
-0.715404095106351
1.74935015210041
-2.24649269749796
1.50439509844661
0.507385251956695
-0.952260472392263
-1.20966633884447
0.320261866852860
-0.146398641059453
-0.706243577085624
-1.12899936574550
-0.453765558199464
0.0729544904458828
-0.384363873111947
0.137411207535895
0.677798102964834
2.31796782686285
-0.265422422465298
-0.391550422928095
1.17887897486686
1.02655357959873
-0.852967461731504
0.286595782669941
-1.25856897462360
-1.20259895154277
2.11819053039454
0.00802704652311931
-1.08036370849625
0.743187095224248
1.03783473592862
0.922025243443170
0.105077849221276
-0.525703547206503
-0.0292509188726472
1.42076291706575
-0.268601112955038
1.15599981296507
0.0249380183341095
2.29105707352088
-0.693267205021082
-1.26224750960087
-1.01225625703483
-0.0903118618335007
-0.791045034052388
0.509224227538030
-0.425480208131267
-0.290874934370932
-0.0448979205121636
-0.118566914326171
0.322483482331306
0.772349017846477
-0.210595745902546
0.173346262094163
-0.228800068822631
0.0627999212299062
1.79914912992971
-0.0134002992793822
0.236869008928912
-0.646870137009487
-0.786529506770859
0.966406323300153
-1.09944533968638
-0.0283880670742777
0.355193408114460
1.43862101372864
0.969757733159327
-0.151752432752119
-1.01633774060805
-1.32117518664071
0.722041094742845
-0.168017418874004
-0.366156063519981
-0.604629904040873
-0.386791981343660
-0.417523061690448
0.610430544623489
0.464539121640594
0.435400711561049
-0.454368916511521
0.292179887579215
-1.22414562914190
-0.155264136477163
-0.412537192153911
-0.0268112553509213
1.24982959046818
0.238252670251958
0.0176489550604959
-0.173571651144638
-0.0285865658440231
-2.29248217198624
-0.441848650287762
-0.859210510539981
-0.706412466258502
1.44537102818772
-0.782809200336181
0.0577851186648132
-1.39947509048490
-1.48310819612798
-0.863124092352529
-0.0258456065126946
-0.591043222578954
-0.207767162365149
-0.786455839754374
-0.225781227694072
1.35421954751076
-0.720046719647801
0.382098628086892
0.162257178917779
0.241438866683125
0.932350182445193
0.311761756695534
-0.0899354664888710
0.596393920920819
-1.17027954914463
-1.08766899542532
2.23517460461659
-0.112362472315046
1.01843569677080
1.10036366268406
0.693462630637347
-0.380412301799253
1.87632596993623
-1.08826496645048
-1.04171731267816
-1.42925500196027
-0.946181482912976
0.657288072542383
1.33094113730657
0.542096523376405
-1.39137222418237
0.793502814293421
0.0249186468537402
1.56608277491759
0.225549465418924
0.196725736014959
0.836295866634379
-0.778865171034832
-0.854528388241278
1.23528756475210
0.119550354904967
0.304252613384568
-0.119620230094973
0.625963351541698
1.60437754698561
0.871606947992495
-0.676223494805597
-1.61159502678093
-0.908716474913885
0.280441162209718
-0.349653849333183
-1.37690354530563
-0.158486406034688
0.318743662041718
1.32225336225034
1.02527124152139
-0.719866573183505
0.940009441361362
1.65965097258566
1.01133828779245
-0.512696659837318
-0.587836643297257
-0.586803441613596
-0.820114038969479
-0.183198088433299
-0.951653785069768
-2.05753984806370
1.26847947069748
1.65033692311231
0.256458003671594
0.305380287519590
0.242506896376942
-0.672871648753895
0.770490430678529
0.203643494009318
0.0717502634703403
-0.541113274776878
0.529548354216092
-1.24026900581288
-1.27379269016629
1.59109127772394
0.283454717175193
0.0486149369594213
-0.540346071053873
0.126332575493017
-0.229017357290414
-0.483862313431198
-0.572493896234947
-0.697206702982963
0.0848009779530537
-1.41413086559268
0.0383142575437212
-1.08637835972075
-1.88196595340257
2.11588625053935
0.251648564982383
2.15893257037601
0.133862819218866
1.15121018592529
-0.216532581938564
-0.859149569364515
0.397754257544479
0.472670979218456
0.0892598997902174
0.673341008256371
0.125950974970878
-0.772704746713084
-1.20679294151897
-0.907448985418516
0.0900651439519114
2.12047841186063
-0.583594574658366
-0.959209809690893
-0.317422985370901
0.651239679894073
-0.314450874716003
2.08823461572232
0.961325067824315
0.543990039728780
0.258457162428832
-0.258850087757863
0.520175731216313
-0.253972734548078
1.99454015620836
0.475845886229175
-1.22123114110386
0.0519156740869673
-1.79211477647462
1.52908257363583
-0.00850328274139884
-0.930850639136650
0.891888340984391
-0.178963988989642
3.00999451726114
-0.0578496072586546
0.0135122310336928
-1.70182036007863
1.04128444463292
1.46455062883121
0.327842843726537
-0.738447494860884
0.841980498919969
-1.53298762678764
0.210977534120946
-1.15092727901455
-0.777870499267451
3.20369693242468
-1.04681856864683
-0.843291779005554
0.871307611928072
-0.474162192029198
-1.61498824407861
-1.74950815613657
-1.25661143964593
-1.02883512157348
-0.335247287984245
0.719641326157049
-0.321441437932376
0.275681804009093
-2.38495999940906
1.39334880818807
0.269681312989235
-0.858164432455658
0.115747172567187
-0.0975966138324418
-0.983620667259704
-0.196613716927620
-0.0248527164073482
-0.271904728706617
-0.606303702841066
-0.348078039424285
-0.535120032234227
-0.298640683872985
-1.51418330733751
1.06846398435133
-0.0201704966058666
-0.315012206082110
2.33149874946740
1.53731872130828
0.910127377721222
-0.799291589585645
0.0658313034355520
0.454385225535907
-0.383271053303639
0.921581863447803
0.701256662194219
-0.329215120038251
-0.931017903840990
-0.419796139305720
0.779909706031920
-0.408116897350496
-1.14343954676586
-0.755679471059027
0.722154633777728
1.60407929517520
1.36188157454218
1.61931902864825
-0.791304461110081
0.197533511644562
-0.839512384275675
1.64978612421202
0.0883202720868615
0.332259776955070
-0.263074324856040
0.559686715123328
-0.533911989019895
2.21715133218693
2.04694595674113
-0.467181788754008
0.0937937249424614
-0.252908488575897
1.43477676147313
-0.662832359554557
0.896005569046850
-0.840275779332495
1.46256765349648
0.519765327158743
0.906252243268741
-0.639766942176170
0.722663398416075
0.459018700635412
0.752532568281769
0.0378169610265735
-0.0219140152658937
2.27010627307517
1.78055709566246
0.576884792119127
-1.54695524906556
0.552844606896826
-0.867069757933368
-1.11415405380202
0.211897708897134
-0.270919076011601
-1.45767912819775
-1.07790965993163
-1.19022261750513
1.34171675711443
-0.288014271743262
-2.40680429616968
0.954306967422231
0.820452975234956
-0.844080465421141
0.830904868627502
-0.399082870580325
-0.999481343098714
-0.895416215267890
0.560821235648116
0.321777855312780
-0.798023998305418
1.32945572871697
0.799527440771087
-0.971645758877582
0.118686603899910
1.24823981636583
-0.770214485172550
-0.935500904508778
-0.179729083454697
-0.449642426949865
1.67108170817211
1.49357610172341
1.20450734971558
0.414648868405161
0.244951569355054
0.569305510543173
1.27155628953885
0.290935020969417
-1.52501976696834
0.779874402208410
-0.0319628101782813
-0.353077986804551
0.699028295333520
0.963308593292671
-0.330704152198436
-1.74431969776465
1.08247421453949
0.221850275819213
0.424363567046067
1.63243597155483
1.16882277589730
0.944141855715079
-0.142286806216782
-0.177881816297760
-0.366261650566810
-1.01100309292949
-0.823864329882583
-0.0746263829399138
-0.921192315856145
0.929260152869557
0.781786513536502
0.342110150680785
0.419561807930770
1.87842087633412
0.554488786234179
-1.39652389998739
-0.762946498648244
-0.931247090870342
0.531830143267569
1.32579184847334
0.383457115626553
0.227135960654082
-0.183681902089016
1.02478202030597
1.03330451383268
0.0613825931342297
1.21533401992523
-0.910579073746126
-0.130867061719067
-0.945745408459059
-0.132482395632414
2.21186344365797
-0.441013596939342
0.893486952585154
-0.659401638096152
-2.10605974491262
-1.35615583448070
2.47954698818610
0.364709479023360
-0.0932449900095670
-0.481189802941016
-0.139961164654779
0.283821465883954