1
0.0518444392204791
-0.00299810197301122
-0.000939816110409215
-0.000348603925331284
-0.000272228088752755
-0.000224489458553851
-0.000105769463322556
-6.86279566976846E-05
-5.914736748929E-05
-0.000193456317814251
-0.000894102442860471
0.00356425637630473
0.00217401455911953
-0.0163096662641684
-0.0214010656859067
0.00400660485270627
0.0334269886099108
0.0394971516475437
0.024347703025058
0.00725254035771825
0.00319824754411978
0.0131763414836934
0.0274635749437998
0.0350539311885661
0.0336619801870886
0.0290095371126296
0.0288480422696386
0.0316563460678179
0.0296691184790174
0.0188347955937283
0.00454956538085489
-0.00198713710789568
0.00736990404418609
0.0317484900116817
0.061757816692871
0.0848672179601845
0.0909430957717667
0.0791807744870486
0.0541084949472341
0.0260929774358629
0.00599846868307042
0.000347944319535053
0.00885055347667131
0.0252621555282245
0.0408752536417275
0.0486698994830437
0.0460210528978785
0.0350758501877619
0.0208671324376333
0.00861837404601571
0.00151102206261954
-5.1052040933887E-05
0.0021340880502439
0.00545078686130762
0.00777569461579894
0.00816971181207492
0.00683970041880987
0.00465030772510493
0.00250494665892789
0.000980902584484803
0.00021677234218065
3.19904287127326E-05
0.000135371196147699
0.000281912259997025
0.000345714870039969
0.000310686092542946
0.000216597714034322
0.000116433542766166
4.22971085822523E-05
3.33150691594868E-06
-7.81393094137229E-06
-4.30236702480607E-06
3.17678456868436E-06
8.69521495444508E-06
5.22255782695702E-06
