1
0.949523599487469
0.803822730462714
0.579334136906313
0.301168822375732
1.40679710834163E-05
-0.291601865524438
-0.54318746692527
-0.729804022793696
-0.834778952480306
-0.851297537344116
-0.782715080779044
-0.641610941211597
-0.447769871445726
-0.225410166001968
-5.862076862317E-05
0.20450740399363
0.36886797086989
0.47982429368321
0.531344800406679
0.524556692199805
0.466873005354108
0.370451917827377
0.250251403456101
0.121968470535305
0.000135573873374525
-0.10340570306753
-0.180508322990084
-0.227142422020186
-0.243261499306414
-0.232206491684619
-0.199788936098105
-0.15321667805203
-0.100021788706693
-0.0471253343393845
-0.000135520489640675
0.0370711070520573
0.0624816720748159
0.075825380612224
0.0782606352590134
0.0719465103672975
0.0595758289564176
0.0439375979619791
0.0275592784064597
0.0124594929430187
1.91973335784036E-05
-0.00903696133199908
-0.0145709091929386
-0.0169028916493788
-0.0166550255442524
-0.0145943265559185
-0.0114967824492596
-0.00804548243454835
-0.00476824415570037
-0.00201294588119023
4.57842426545135E-05
0.001378349911863
0.00205996518819571
0.0022277285482736
0.00204217664230556
0.00165705190935655
0.00120005457446256
0.000763174763949117
0.000401694501051058
0.000138926190898585
-2.57056250630369E-05
-0.000107878573214212
-0.000130164020074564
-0.000115607452105041
-8.40332355545403E-05
-4.97274004871329E-05
-2.13154915605429E-05
-2.46108061145584E-06
6.80416404343673E-06
8.42739147613959E-06
5.22255782695702E-06
