0.145421785526316
0.138081417236842
0.116893336710526
0.0842478046052632
0.0437965078947368
2.04578947368297E-06
-0.0424052639473684
-0.0789912913157894
-0.106129404078947
-0.121395045789474
-0.123797207894737
-0.113823824605263
-0.0933042086842105
-0.0651154942105263
-0.0327795488157895
-8.52473684210641E-06
0.0297398318421053
0.0536414389473684
0.0697769055263157
0.0772691096052631
0.0762819707894737
0.0678935060526316
0.0538717793421052
0.0363920059210526
0.0177368727631579
1.97153947368421E-05
-0.0150374419736842
-0.026249842631579
-0.0330314565789474
-0.0353755215789474
-0.0337678826315789
-0.0290536638157895
-0.0222810428947368
-0.0145453471052632
-0.0068530502631579
-1.97076315789476E-05
0.00539094657894737
0.00908619631578947
0.0110266622368421
0.0113808013157895
0.01046259
0.00866362342105263
0.00638948394736842
0.00400771947368421
0.00181188171052632
2.79171052631575E-06
-0.00131417105263158
-0.00211892763157895
-0.00245804868421053
-0.00242200355263158
-0.00212233302631579
-0.00167188263157895
-0.00116998842105263
-0.000693406578947368
-0.000292726184210526
6.65802631578946E-06
0.000200442105263158
0.000299563815789474
0.000323960263157895
0.000296976973684211
0.000240971447368421
0.000174514078947368
0.000110982236842105
5.84151315789474E-05
2.02028947368421E-05
-3.73815789473684E-06
-1.56878947368421E-05
-1.89286842105263E-05
-1.68118421052632E-05
-1.22202631578947E-05
-7.23144736842105E-06
-3.09973684210526E-06
-3.57894736842105E-07
9.89473684210526E-07
1.22552631578947E-06
7.59473684210526E-07
