0.145421785526316
0.138082176710526
0.116894562236842
0.0842487940789474
0.04379615
-1.05394736842229E-06
-0.0424124953947368
-0.0790035115789473
-0.106146215921053
-0.121413974473684
-0.123812895789474
-0.113827562763158
-0.0932840057894737
-0.0650570790789474
-0.0326685665789474
0.000165989342105262
0.0299808032894737
0.0539384159210526
0.0701008657894736
0.0775686734210526
0.0764824128947369
0.0679001640789474
0.0535790531578947
0.0356985993421053
0.0165668843421053
-0.00165216723684211
-0.017159775
-0.0286718461842105
-0.0354895052631579
-0.0374944492105263
-0.0350820536842105
-0.0290508721052632
-0.0204691611842105
-0.010537627631579
-0.000463566315789475
0.00864391578947368
0.0158535365789474
0.0204669976315789
0.0220533244736842
0.0204669976315789
0.0158535365789474
0.00864391578947368
-0.000463566315789471
-0.010537627631579
-0.0204691611842105
-0.0290508721052632
-0.0350820536842105
-0.0374944492105263
-0.0354895052631579
-0.0286718461842105
-0.017159775
-0.00165216723684211
0.0165668843421053
0.0356985993421053
0.0535790531578947
0.0679001640789474
0.0764824128947369
0.0775686734210526
0.0701008657894736
0.0539384159210526
0.0299808032894737
0.000165989342105263
-0.0326685665789474
-0.0650570790789474
-0.0932840057894737
-0.113827562763158
-0.123812895789474
-0.121413974473684
-0.106146215921053
-0.0790035115789473
-0.0424124953947368
-1.05394736841954E-06
0.04379615
0.0842487940789474
0.116894562236842
0.138082176710526
