1
0.949528822045295
0.80383115785419
0.579340941070357
0.301166361295121
-7.24752047712662E-06
-0.291651592924925
-0.543271500160825
-0.729919630245801
-0.834909116500381
-0.85140541591733
-0.782740786404107
-0.641472015020699
-0.447368176944675
-0.224646991238019
0.00114143380583939
0.206164455902986
0.370910147512195
0.482052022231483
0.533404765594874
0.525935042111668
0.466918789596762
0.368438971946187
0.245483159300401
0.113922988100757
-0.0113612085758851
-0.118000029623448
-0.197163348534336
-0.244045313669564
-0.257832408499353
-0.241243453016618
-0.199769738764527
-0.140757185109011
-0.0724625103002331
-0.00318773637740534
0.0594403084667769
0.109017617419355
0.140742307333829
0.151650761224448
0.140742307333829
0.109017617419355
0.0594403084667769
-0.00318773637740532
-0.0724625103002331
-0.140757185109011
-0.199769738764527
-0.241243453016618
-0.257832408499353
-0.244045313669564
-0.197163348534336
-0.118000029623448
-0.0113612085758851
0.113922988100757
0.245483159300401
0.368438971946187
0.466918789596762
0.525935042111668
0.533404765594874
0.482052022231484
0.370910147512195
0.206164455902986
0.00114143380583939
-0.224646991238019
-0.447368176944675
-0.641472015020699
-0.782740786404107
-0.85140541591733
-0.834909116500381
-0.729919630245801
-0.543271500160825
-0.291651592924925
-7.24752047710771E-06
0.301166361295121
0.579340941070357
0.80383115785419
0.949528822045296
