0.491245634005975
1.29908825979875
0.236382438062879
-0.0501388993507617
-0.763682727608151
-0.363176058436121
0.632773947391062
1.40043665407037
0.0831664892398183
0.187521326643960
-1.69437486832288
0.434363478332184
-1.29510382470954
-0.0215950676164387
-0.475119703053876
0.231771108269479
0.0256972453496955
0.550482658256661
1.45137122838054
-0.213573071277694
1.54144935644716
0.655877969651619
0.197751929680056
-0.814952532376149
0.744880244184842
0.944236518176084
-0.432373000799511
-0.157741656721831
0.0789666678307830
0.292481272258698
1.92497257256101
-2.01294977532315
0.127720733760960
-0.284598862115841
0.294029313308936
1.50826744705035
-0.507528000191407
-0.483200557345413
-0.300405941453390
-0.474615474338437
1.69217644651184
-0.735602535673247
0.236617964484519
0.555923081133240
-0.0930144471384938
0.669547199400426
-1.47132159181993
0.284029746934857
0.927542242702559
0.289160578158419
0.508779620283698
-0.415614497977469
-1.41629066107527
0.473286538886874
-0.137045935466475
-0.365428349274196
-0.414910864397234
2.05409122865407
0.0920368288905960
-0.609260811699914
-0.701213015091506
-1.56820120969776
-0.797936958640384
-1.87354321719767
-0.194492286494047
-1.16284726180330
-0.222672760633531
0.320738571274033
-0.277250275325239
-0.424889245151049
0.433773146682530
1.02008241673607
0.245523650968384
0.303137769352756
1.31580431310370
0.0374045314581268
0.910458899562597
0.0940287842957658
0.160880611439860
1.20035956909913
0.945779165042201
0.423673386748811
-0.351018872470772
-0.880096215826044
0.263046814078321
-0.227578095884739
-0.231675659829796
1.25903514558814
1.77083644519526
-1.24055038753667
1.37532300667114
0.670501252489355
-0.127609052086541
1.37430266139591
-0.773107314197327
0.638605673081938
2.42601940363815
0.00118108702842411
0.103220717662627
-1.47168235016514
-0.954732952428116
-0.370924432513907
-0.816201352101445
-1.72608539752929
-0.281773095959440
0.718797874259589
0.488778160605447
-0.668962948041862
-0.596484339775491
0.644202927907186
-0.268408513682995
-0.576468599051487
-0.971335488185247
-1.01600800333740
0.486308603115150
-0.269324635882608
-0.655476430218155
-1.51018574323951
-0.0133958052946514
-1.64578692886443
-0.116884670983967
3.03759583507695
-0.382132643530048
0.665937402968865
2.40633726831366
-0.511328667901363
-0.826499711778168
-0.252507578085860
-0.906439184737636
-0.510083629217179
1.58189512004636
0.0852278927113273
0.700439084400245
-0.489385053513549
1.20722620632188
1.42343158052697
0.233805978361464
0.535585866266101
-0.194953650191634
0.856591475780745
-0.151209365067048
0.490267708392368
0.430722134999762
-1.44837348873230
0.773565847013687
2.07540822302874
-0.758726908773976
0.169746463997331
0.357144219978707
-0.376154650939587
1.33915914353256
0.463268244218919
-2.40713899934159
-0.284180723183525
1.14524123925015
0.969465375929369
0.128222103111626
-1.49339221183793
0.915214255276422
1.28603326660171
0.452567064987046
0.972357994147955
-0.201110104345481
-1.34609551879480
-1.72929060241315
-0.210750999291978
-0.419109124172997
-0.613974241365442
-1.30464793373377
0.664429875046268
-0.729168815738500
0.719800090989330
-2.50296844465839
1.28868967050070
-2.68310858935388
-0.276888988612315
-0.898366097099773
0.163249272895235
0.651152881500187
-0.727446275936294
-1.47610919338349
0.829612150539960
-0.303207910856452
-0.955468679599221
1.31155012639854
1.02468970257490
0.367360656215482
1.52149118324285
0.147842671141898
-1.75194407060273
-1.55941754189883
0.618428991175579
0.259390115420355
-0.338461923092399
0.744507906855684
-0.281286772236820
0.663615649932752
0.347694013724125
0.976095730733864
-0.802080339118975
-0.657477352709225
-0.0182961005062250
0.803962254301557
-0.373508094004782
-0.133753068017982
3.03274520989684
0.370173245767212
0.322321924950934
-0.658705532012782
-0.460911010991125
1.29715539235444
-1.63343875672053
1.10850708509827
-1.51598948698886
-0.0254875201251100
2.08462107266166
-0.110488161899258
-1.17566097635699
0.536803913949961
-0.751171666669270
1.62321403727008
-0.256431829727745
0.509302194537077
0.629426710331242
-0.304739906387180
-0.790690705651703
-0.295234734825036
1.83430687875053
-0.895300037065068
-0.909014451845964
-1.06110672926712
-1.63453485892496
0.786358473724711
-2.02821992549467
-0.509806595622278
-0.785091029255431
-0.330832549412909
-0.250588179771763
-1.06727154964549
-1.38803653265898
0.451430338028445
-0.0222249572973391
-1.17123627156453
-0.427784832644717
-0.329060672976514
-0.935260370367247
-0.737105814480287
1.18061260021781
-0.120882121516441
1.18132985175483
0.463140151370465
-1.53580889853181
0.0235717877900738
1.22923592045176
0.0489203655042417
1.19702513929394
-0.900009188573605
0.789505008325170
0.376981747802583
-0.270223678775158
-0.853782002115232
0.524819077440295
0.0179191034416406
-0.717844958190803
0.704767013587604
0.292778527202803
-0.218611549250718
-0.579840886269732
-0.870371059328539
0.793365937540239
-0.409833456061192
0.700967139542201
-0.767235131580792
-0.0178632634904171
-1.98472240603687
0.0537032079561340
-0.906402535254914
-0.0660659282944073
0.101935828816881
0.283331770411295
1.38551162742680
0.116493971989902
0.300472587487498
0.0349108288202797
0.258091797129313
-1.75017561965534
-0.693445581470358
0.252475101080728
-0.462724518128182
-1.84211750159947
2.02188391612131
0.100601649559234
0.594326320771579
0.0960190276718784
1.89995306779847
-0.534693646471830
-1.42906586827885
0.473829008508587
0.616923556914417
0.200262098371615
-0.821363476210167
-1.12467524967640
-0.172469320115274
-0.627396915723961
-0.340240572541254
1.39329907460504
0.380996659786459
-2.05833674703256
0.735703038055315
0.714905845254705
-2.27067139516182
1.36332505383034
-0.789866344602225
-1.02326798326297
-1.14738071254083
-0.639675967778129
-0.431290637036976
-0.940469509682736
-0.214747057622959
0.641323068558682
0.831754526410083
1.54550984015043
-0.579783169124627
-1.38437096273989
0.871847255030318
-0.432448144970244
2.21359067535548
1.14053514089120
0.358688447854022
-0.511051546151988
0.957248529674668
0.485299850246217
2.39601223817986
0.816269153277204
2.18303313803969
-0.0793890605062661
-1.14528110039226
0.712941090848117
-0.909820750773218
0.258699793048273
0.491142170418272
-0.00520276834267218
0.0689569670233965
0.711022325201704
-0.885391902053433
-0.318690379725608
0.908046880461352
-0.00175960523721153
-0.193621860898838
0.413209241832790
-1.09209547452544
-0.156839587924875
0.220950390309794
1.19400180082825
-1.92017263366750
0.299905045837779
-0.346868726523892
0.781594278847200
0.531155768547379
-1.37400740853538
0.146512486285889
-0.0838549476015329
-2.38196609119255
-0.779470089193794
1.33756993975638
0.556480816571480
-1.35883831078683
-0.373535497230697
-0.113660696667872
-1.37380826891082
0.435722861911845
0.838787603952977
0.299499670575111
-0.302916944102002
-0.336035113077075
0.942425658887556
-0.790135708511867
0.180983240908646
0.367823904564801
0.244531986960528
-0.547282076916263
-0.884550883435373
0.210315455169390
-0.0137220313721484
-0.750837417141007
0.0689585390328611
0.946503943698203
-0.725101443855099
1.05113236763190
-1.57412374587832
0.521946978289038
-0.326905513175458
1.64293389820259
-1.01024637845802
0.0611498930666086
0.980980151198660
-0.0975332343261566
-0.844242659520006
1.20826758732155
2.49535785590011
1.84127213601919
1.17073917115330
-1.71247632045014
1.93469395700699
-0.170027811998051
-1.10609001483370
-0.843128956157862
-0.244234290822439
-1.91444620119244
-0.227538890147804
-0.293628112600455
-0.393817700007762
0.750734773617986
-0.309646098852222
-0.812335370069601
0.450653737549280
-0.268204745170789
-1.00202939358717
0.791475228128780
0.877792468204246
1.57788332462505
0.436507751433627
1.07899247638591
-1.02146656265624
-1.72242637669375
0.343668037834698
-0.458820076920540
-1.33780643822698
-1.14321280206077
2.22991082543096
-1.22763893055480
-2.03301945907429
2.58460537062785
0.271441631903490
-0.201930011725022
0.170544679582357
-0.326191693203992
0.466893797336851
-0.602446692072882
-0.132618440212162
0.202897137419245
-1.03034465318589
-0.335530080790177
0.0893248323078540
-1.02830904060041
1.78539815492747
0.551583048182397
0.337304515344825
-1.38442608441007
0.795494069553524
-0.580134731600153
-0.614857431962080
-0.135887534311877
-1.73760919373240
1.54369878385096
-0.749237115159333
-0.278487138380409
-0.151889823600890
0.360633815484121
0.377413080502174
0.148932697501542
0.0548831392319695
-0.443482541249507
-1.04891245722812
-0.379465678755770
-1.04056778852990
-0.636544325601547
-0.101882185489057
0.957795867793572
1.29121167731273
-1.64276489778680
-0.00774456880751309
-0.760328156554103
-0.290830241336703
1.41891291177386
0.0500501950674243
0.851956564873377
-0.450879507731244
0.207447761949429
0.760548004834689
0.699203981580273
-0.824177573677874
-0.573954247343671
-0.253548510168573
-0.249790623373927
1.14333900724810
-0.864039667856289
1.66887028825307
-1.78982239471053
-1.17835388285138
0.699911573998525
0.718544737695365
-0.0932389497251736
0.897097633571040
-0.880689922400355
0.902269768615211
0.621480926786896
-0.151604691887247
-0.719521416969094
0.0225602402126147
-0.644247655818313
-0.209048555792075
-0.284871931991856
0.462632494494382
-0.408991297032893
-0.461742490012243
-0.307216108886887
-0.879265302184108
0.110036743680330
-0.338204727840220
-0.444149258011828
0.667714754802412
-0.354044126903440
-0.290423401316521
-0.748888691730768
0.323541418398128
-1.88817511123087
-1.34035683796261
-0.0851448964842582
0.319866882374015
0.422806882684260
-0.701162934388680
0.604246946046636
0.0869987017691701
1.16304761019549
-1.82402204415553
0.557523575773845
-0.831432282376932
-0.551263419548573
-0.270778577079446
-2.33215267556250
0.988042999664967
-0.285388376353589
0.580084402310156
-0.172833837226620
-0.0818489782507533
1.57132437693802
0.339730172489727
-1.05551295059945
-1.07065623608193
0.487921351684731
0.234111481284034
0.282843848196929
-0.947278813464469
0.817393289003984
-0.124352105696619
0.0228510303680282
-0.0869474504919574
-0.903777088221368
-1.03546262496955
1.41202176668112
0.205363044361153
1.94637884436670
-0.0166925218370952
-1.43572905039621
0.583516272099923
-0.612335729502338
1.42340795718740
1.15326561854822
-0.708543833510950
1.17643265196522
-0.516235599352201
0.189032370075656
1.13943158973316
-0.634624926395202
1.13760692834431
-0.732898695198135
-1.20037770286328
0.653292598229974
-0.703490678009147
3.26715871889542
-1.84043290424663
-0.853874975138328
0.687561233530463
-1.74119396439052
0.949403334390307
0.170202727789015
-1.23679037786009
-1.21975034561355
0.311859593968270
1.33026914347674
0.473514685390898
0.0763036390933804
-0.622623954507151
1.82522015240794
-1.26425338282191
0.0978274223687370
2.11287816102669
-1.00479294268688
1.54448592314315
0.601545439502490
-0.613056534671467
0.792387940538530
0.386987142841574
2.10013319948728
-0.607986657715114
-0.396013417140373
0.0834122409873505
0.100865937699261
-0.139073415242116
0.965512181594383
0.428171679247243
0.459135717000002
0.286911912052281
1.36191013226699
-0.180740135777701
0.449325290972658
-0.222043009166095
-0.773734924520701
0.998449653994120
0.913433142789673
0.221126254726425
2.15540519259000
1.47588713544119
-0.183177374734907
0.666046038617066
-0.710564021269295
-0.329030148880253
-0.756950364002711
0.155366969190333
-0.654389102911313
-1.16601572173078
0.402810634743880
-1.41830339398770
0.906763274879372
-0.683453521839734
1.77231473487199
0.0237902658023915
-1.49373637397486
0.823185023771144
-0.604643324051443
-0.450650688584202
-0.0685755220156080
0.204005964610017
0.654088651463753
-2.25715738443757
-1.26208854534593
0.174048015649722
0.215263508246162
-0.856502569369055
-0.372702270124316
-0.792317698618250
-0.562379059875546
0.165910536848676
0.641560558769301
-0.501556108286576
-1.69407190383876
-1.55267440924648
-0.411698717334119
1.12500403627761
-0.0900427373986882
0.108643318106319
0.251652460369364
-1.98357086384803
-0.760271042004784
-0.564193324421083
-0.694168527120764
-1.07398075671989
0.286153560399885
0.203666446024192
-1.67844532193524
0.981700248139590
0.586988683013925
-2.73882894386756
0.123914276094503
-0.713780550527062
0.315945217175371
-1.54956557754870
0.214191938574224
0.955665158748459
1.63185994907329
1.23333933454271
0.0300060402179291
1.82449162449602
-0.375909919308638
-1.00182304936717
-0.497659083813968
-1.73254426241663
-0.584998369517377
0.0434928173431882
0.164999268139102
-1.79463906568099
-0.867254698961681
1.14965909507459
-0.451525393128201
-1.56888356927500
-1.44209352159665
1.55371235598663
-0.118596086762180
1.46828369269096
0.621038651200364
-1.24346977966552
0.954920553393770
1.09961787077701
0.0651561704907738
0.462962187558646
-1.03822409806288
0.671145148167087
-1.29017154997210
2.21737671381849
-1.44131748305058
-1.88349897037339
0.458832636008553
-1.47847075215975
-2.41213599213691
-1.51177481532060
0.288623233319247
-0.590410387930193
1.08664547702138
-0.456045599123819
-0.440062598803111
0.283834802247931
0.653211803189209
0.747804145929064
-1.08197504983298
1.36750725614469
-0.433098396610795
0.271499313994928
-0.296782828796202
0.315419951640997
0.249579898523169
-0.874961497803737
-0.116596755929582
-0.143577656321102
-0.908635855481364
0.153228416289639
-0.782378095042497
-0.0905239823489941
-0.611458361479285
0.263392384491764
0.847102996730723
0.755418133727192
-0.751253998799636
-0.825685972908222
0.546832618318727
-0.556406618964998
1.43698438857508
-0.0363548251339816
1.35310550497804
1.48429360568109
-1.16799490545628
0.916110318244796
0.138439392141047
-0.981873926393153
1.85042096168547
1.15415810434831
-2.32747817489974
0.955133553704818
-0.990560040858134
1.84938582448499
0.766303790154035
-0.809677291376083
-0.0942220828805298
-0.0920951773062398
-0.516955836236901
-1.03718875465455
1.12898469190374
0.668619822220125
0.221582457106861
-2.08732400005768
-0.295904180621376
-0.564976649946222
-1.39316525454724
-1.28278790816479
-0.624197442327194
-2.20730407040271
-0.600776809326485
2.20596980342976
1.62379955253973
0.440748682566361
1.83316291174695
-0.00568549242613462
-1.88821775988416
0.434980963088399
-1.69151182571988
0.568383635479914
-0.940072416713847
-0.910392089765669
1.51048964374052
-0.453624531762801
0.460468486160118
-0.954038505808125
1.85591679170761
2.11647310105907
0.193926172264108
-0.0445363802149060
0.303832083254655
0.342195286865156
0.382129084218095
0.495671299604601
-0.289244596858438
-0.154215322838941
0.703303449686155
-0.0332146840001660
-0.861702799667723
-1.35835737863651
1.26172178963814
0.393388469084585
0.466842950247196
0.554505278333930
0.150261785386829
-0.269236641140687
1.08161058687541
0.00168760242349518
-0.753602474292719
0.523857645166680
-0.426851823389939
-0.276471285760063
-0.651190315248162
0.311513179543229
-0.547028494375854
2.70994799988658
0.817588562729858
0.406295935368388
-0.0572792621120540
-0.195888720806205
0.838694776335409
0.681764080682692
-0.377152587963548
0.735035989124244
1.09525107586904
-1.26461957789456
1.89150185100296
-0.223064662315698
0.373591067769095
-1.57033145406903
0.594896075286584
-0.141864400865124
1.54524037250690
-0.898809442516074
1.00608614376989
-1.13451919273929
-0.532632245174814
1.40061989345955
0.632312950413307
0.414150132035678
0.0331560698088119
1.87331704459891
-0.943645349640105
-1.07039764875757
-0.610867783623593
0.743896307043578
-0.0508413625403669
0.541653733173004
-1.75923449440407
-0.723959130509825
1.42803340976965
1.00459305555460
0.297313919731312
-0.518133577955693
1.98470175758209
-0.454786741533580
0.716419956712584
0.902286772827663
-0.447428628860203
1.45662642266226
1.22201156768531
0.0368290449546580
-0.664806900824736
0.0431506803823866
0.259577951018080
0.481588367303315
0.516459212547109
0.625718149084883
-0.320914942466492
-0.373553989576988
-0.594055680700592
0.793321542551835
-0.438033195728978
-0.777333493432078
0.101704734572192
0.540033107059918
-0.877182677051443
-0.0932493429125387
-1.32254239625544
0.689096028214964
-0.256392275458502
1.81063951633677
0.176140168717611
0.153566896802254
-1.22205874482394
1.90423780450498
0.928112305631586
0.420228844353208
-0.688780567247734
-2.14994040538093
0.680546380706793
1.34847568717356
1.12313680778749
-0.690986956824652
0.154073272209977
0.151378733379292
0.148213632158320
0.887038168492605
-0.621807596216097
0.526616603965770
-0.486295935832268
-0.926210680721934
-0.963497991049714
0.713127631503467
-0.701301056986150
-0.533580730517032
-1.16298245464750
0.823770108801084
0.120456555606276
-0.285410328352483
-0.495208207793910
-0.999426027673498
-2.16963662258320
2.08759654346712
0.801009033373348
-0.210137356786160
0.103810257731902
0.715412460029566
0.0170073668570473
0.714016665967355
-0.335358362179487
-0.344052897560966
0.107259014583290
-0.366472291791756
0.619993955214864
1.66913404291151
-0.797078785256991
-1.74711973110917
-0.00609335087205886
-0.193804727330044
0.795979098690577
0.304606602146009
0.814546784489785
-0.0367489365096348
-0.743120250431518
-0.537881162942594
0.754170305194673
-0.178685293695250
-0.866793306563066
1.88731061748065
-1.24246226622066
0.399239646088560
0.112959041112702
-0.895662117350006
1.15445430384858
0.475185647392515
0.128695385391979
0.235400576183877
0.325578992035899
1.60913033610231
0.453102288970477
-0.911540712086092
-0.505350018990991
-1.39957709752629
-0.136241225760968
-0.141551010204598
1.50235801052250
-0.261802754049303
-0.507625614692703
1.16261885551646
-0.456974069830650
0.458301455501360
-0.0141228475396424
0.713178422340137
-0.478371516677177
-0.136940689848932
-0.696630581600060
0.142331613950520
1.21197486804931
0.365598821515759
1.88067909225002
-0.0511697174203321
0.426684814799879
-0.436444835121582
1.02828826520110
1.11515755605810
1.26202333807253
-0.510814983982144
-0.350113346432343
-0.780669991065141
-0.977878845790062
0.0989292099071784
-0.650168594442816
0.597519119093224
1.79650966982818
0.339719147287905
-1.51812727920661
-1.31608685417569
0.341706333716735
-0.165307581506799
-1.43857818944857
0.403421099273017
-1.17698506986487
0.0924775186774479
-1.42284228158374
0.461857450246842
0.136429349529751
0.632857495595239
-0.256229429657335
0.634464151419076
-0.346701231720893
1.67563413242406
0.462048723628454
-0.749910412241333
-0.561416921863087
-1.69202018902565
-0.114695914159853
-1.10975790980495
0.331344095913439
0.705346402001708
0.730799491359745
0.388368331515130
-1.25766214663061
0.281385195556824
-0.518176733192823
0.358273937770071
-1.36146800805622
0.525897620628390
-1.95403129600568
1.06103286503418
0.210982530561990
1.18957077112829
-1.24860703369030
0.872274141863004
-1.21426218147310
0.123578601319956
-0.731592989940351
0.769026555672845
-1.85240868499613
-1.26090373708772
0.432372175435947
-0.456075863761458
0.0498288917289481
-0.474388481556545
-0.847658542643833
-0.973621942634170
0.602820129490015
0.738976486028905
0.144555080361936
0.0594571894876244
-0.370552246353238
-0.824553200816981
-0.143468250542344
0.835585544057567
2.50030645061928
-0.663032375960008
1.03493862526241
-0.788473411199956
1.35002916332111
2.74488056552757
-2.44015816390824
-0.634164286592361
0.598416136028207
-1.01797627555987
0.168626527499315
-1.31473314043434
0.783562836689592
0.547065497387461
0.151467751555430
0.841827499210099
0.457225236918061
0.799843682825364
-1.00320798354062
-1.19145444837079
0.277978791628859
0.157302901230723
-0.987617446815337
1.56212301948165
0.250165471060428
0.512793804532950
-0.592632248309409
0.0661463212569237
0.257690787041143
-0.238090149451246
0.566672022351293
0.173200669687776
0.638962771220163
-0.437756911761797
-1.86250809908961
0.0627720895741248
1.54826765931838
0.0418854711634407
-1.85184636770245
0.502398237287997
-0.761561710999598
-1.79916210569443
0.0588463328871397
0.481860715850774
0.688636385547123
-0.538858760669217
-0.278730188585235
-0.293831835719797
0.848810057782892
-1.09931857063848
1.42206571896452
0.761459951203918
-0.328003121118071
-0.390328235046220
-0.832409029463838
1.04080281467174
0.206504314671374
-1.51235590585184
1.13117029540102
-0.371687816038434
-0.547570388528433
0.577132008056927
0.440933395745228
-0.514808794789675
-1.62501366046297
0.0150350474721683
-0.0791914542627528
-0.417008994546131
-0.214352575640947
0.828438680049159
0.0888828548180661
0.446509231393422
-0.243270058207384
-1.49056609389477
-0.617078057047077
-0.826728164964939
1.69717218293156
-0.249444268897745
1.05477718186939
0.638266363070932
0.407820830927736
0.860723061236698
-0.116966792289432
0.353849274617288
0.255034408231897
0.0281054573891005
0.0994789623652281
-0.00185048999147434
-0.774261977705043
1.04469967368259
-0.0760059126020031
-0.885529598931315
-0.842717003834739
0.878823216357628
1.14821247667524
-0.499231844887242
0.106462920234417
1.20692927367451
0.452336228397029
1.11863040261470
0.372200868178533
-1.05072352012637
0.217538907835224
0.616513977504707
-0.831485270408374
0.940381150285172
-0.507242016094211
-0.738916649940018
-0.802841335507030
-1.39547406626158
1.87411031797773
-0.616282621452729
0.774599673830314
1.69451240654122
0.220147510236585
0.418695954039709
-0.503848818751957
0.190234717273372
1.48302156077110
-1.88388560440688
0.105319586804533
1.33258115380613
0.937679168559528
0.476346672536135
-1.86966158280890
0.331533367429858
-0.175346095305081
-0.774035367954602
-0.351515715369280
-1.20691126389603
0.640103606236927
1.46219202853965
-1.56465858007893
-0.0399622318789966
-1.24037086543144
-0.142475475628170
0.809389739596618
-0.151606024192018
1.59524281467676
-0.300101431939955
0.395974174072417
0.359949767099019
-0.432750219769757
-1.38429028775264
-0.719214244977946
0.508206369972844
-0.457863682815068
-0.328679324576292
-0.296342262135822
2.48486014057257
0.293775332924334
-0.631915903148530
0.256273078289429
0.555363345954123
0.968932743977796
-0.125430534413107
1.20038185925164
0.307325544543932
-0.510516194981304
-0.430178892418654
0.119870901330575
1.50301459578036
1.56371938655621
-0.171570235727400
0.609403893167066
-0.596437031378712
0.423101942673647
0.720445810570596
2.63088691020869
1.60784019035103
2.32758931813661
1.78246485743643
0.492055048299610
-0.939213842204654
-1.05267522409449
-1.18319082112738
-0.751311858394737
-0.391352256760679
0.465387564495858
0.0516860746926449
0.0471502418639320
-0.0904351434501357
-1.18765701727762
-0.245302855877257
-0.510176304106593
-2.51965659887885
-0.155545599915373
-1.17517878466386
1.09455243445196
-0.526804610520074
0.503744163947558
-0.650207064012882
-1.45532962721633
0.394328393080568
1.48304182929866
-0.479311021545691
-0.724627943648567
-0.688466314638532
-0.842592828307111
1.55466995835672
1.25920903033739
1.47998242515325
-1.77407535167467
0.783733486704476
0.0239856942397167
-0.0669775768939847
1.48788353867564
0.0536673253318095
-0.103727194049239
0.335334126851895
-0.469422910323115
0.389105579965148
0.263450850676544
0.101053775713542
0.970416429913800
0.653686571712817
0.863268362397629
0.460898204271458
-0.440700071743524
-1.31236752178005
0.141433903738624
0.0326963845820813
0.0853049556684796
-0.0339921144342643
-0.114603654497365
-1.01520739062619
1.44385661238193
0.705513222648272
0.255545666134488
0.233598075011491
0.689238374779641
-0.00501405078868226
-0.707069970990152
0.570179157296820
-0.513385762215570
-1.41403775072052
-0.920378609922641
-0.0722140825563078
1.16388276455493
-0.873557278740803
-0.467197192533528
0.420714263383553
-0.194427559149088
-0.745896961065421
0.851757127577084
-1.47163403860233
-0.150664402656642
-0.932593898750513
0.372821111891189
-0.0343667448313224
1.54599551754614
-1.68997332869667
-0.00634228908506583
0.911031582181653
1.48277685349237
0.995183198799806
0.973487401843642
-0.638689012015937
2.46311192738285
-0.246350643230819
-0.0115154383788645
-0.892138839907863
0.465463298199868
0.299981992604034
-0.774275358220714
-1.16718328168467
1.04820507945003
0.833696293016788
1.13565903077749
0.336900427987277
1.27197479302472
0.250468852557881
1.26544574368457
1.08386729421475
-0.482630375334736
0.826094821002852
0.510055936237691
-0.640498677384177
-0.759926155019744
-0.359665015275039
-0.160804312599516
0.812910143077997
0.350851807119337
1.19214419510768
-1.10305964060876
-0.560769246360469
-1.76553197676501
0.660266993780382
-1.61597189670887
1.24026988726895
0.606942211961606
0.746037529193320
-0.198556832635055
0.115798063324345
0.299935116726921
-0.616615293605260
1.36408416365988
-1.07555800864687
0.667960281664006
-0.0832140655209856
0.367157335974789
-0.133929676575284
1.04916936521478
2.92318013172350
-0.709252075309362
-1.11222061956858
-0.451736742278929
-0.548635982374688
-0.858262106230596
-1.07669057838411
1.21390069592897
0.718943629710798
-0.116035990973606
-0.322926838813751
0.272728739832454
1.45541671861048
0.257662111458643
-0.691570007747959
0.502480348002005
-1.96709309272610
0.421887344989744
-0.836013744157554
1.31859704718067
2.03245702454268
-0.654921996796392
-0.174595873095729
-1.13146767529405
-0.800156514950790
0.161507410546040
1.02707778503278
-0.385154415747741
-0.767967876867873
-1.93720053949217
-0.153483001236681
-0.315491453167159
-0.151232752422877
-1.71121332218461
0.227713297281196
0.645353522429566
1.02003302102566
-0.198780798743147
-1.63158940164732
-0.250965092857260
-0.0321387223117534
1.55408360431645
-0.752670129347043
0.719903882791170
0.907694239326277
0.509931219450203
2.13933044610603
-0.113007699927484
0.347859809213877
1.57165390189770
0.692660570391922
1.18779803831875
2.51410198947835
0.844512254469456
0.945970641220848
0.505229078996619
-2.55491574245144
-0.531205139025681
1.88440530159064
-1.39878224080361
1.21101547594405
0.0409944912082132
0.0921811485902222
0.0297781392861202
-0.102687086201583
1.21665771540305
-0.306457218553399
-0.522774713071684
-1.16423423835177
0.244851176736321
-0.0488129502801946
0.352714966415331
-3.08484490734553
1.08913141973730
0.618900428579069
1.02452611150229
-1.31838942737470
-0.0507765915346595
1.27707280954308
-0.571893527484207
0.0196093392388120
-1.62926244655692
0.867156793329589
-1.56349678293806
-0.657709555291004
-2.18752592874343
0.346109801256210
-0.282557380593617
-0.958077852280826
-1.72156710835724
0.0106175171952769
0.0626920811798312
1.15163226529160
-0.210418059163993
-0.469825856126286
0.576008230727130
-0.758613440928672
0.0466979516055669
1.61597139406214
1.73603999055923
-0.405298439615066
0.290506432073137
0.791811458991922
-2.04997547165909
0.399005642572580
-0.645894285456993
1.57959568343033
0.458618914540976
-0.0685365148310028
2.03101507130995
-1.33019071606636
0.127253580905084
2.50626610815257
-2.27559866211509
-0.164707901682117
-0.570142713486985
0.933048305837145
-0.451323739639525
0.272308156636389
-0.423671238989621
2.49190034046232
-0.245328954663707
0.0311008949882897
-1.23726228325088
1.16736721970815
1.85653461835113
-1.37383692374349
0.739720935539552
-0.364695913488462
-0.622964600357043
-0.986871292149980
0.290482574144532
0.474824835425649
-1.61729102766011
-0.0813630405500646
-0.123648631502852
-1.24143752471615
0.159147599685062
-0.0373543144235378
0.690754941435465
1.21130548311688
0.635749976336830
-0.486264983199083
1.90989404282790
0.550299987126597
-0.391117592628618
-0.999790002430479
0.00650497102704294
1.72133602807167
-0.111665453728424
-2.18887057848450
0.132929085265956
0.0930002521111002
0.647657005826013
-0.102012030561565
0.287722127798979
1.31145964081388
0.238192166645876
0.202116662276416
-1.19486272810343
0.601417327713022
2.17072056133965
-0.496509411009472
-0.136680011672843
-0.0458065894594787
0.577453885321197
-0.385080157330527
0.524967419872699
1.35731846648927
1.76303781510741
0.719811765987193
0.432266234473780
-0.135606929545093
1.83710928959270
0.322578155644370
-0.141728970869895
0.633231171450752
-1.67713508189832
-0.281090325913948
1.15962513823184
0.459569549093437
-0.0409497786571698
0.379017888558943
0.317471038379513
-0.0122318549786373
-0.508413716068202
0.386817196246048
-1.76355436923945
-1.89475462014012
0.569524010179515
-0.317960594665749
-1.16456276744805
-0.198086166859710
0.670117998449720
-0.469784337590204
-0.534283371518461
1.08010219754486
-0.949821173394953
-0.476918809238570
-0.263677583672901
-0.734166390445501
-0.997508731077730
0.560740900438019
0.0422953680997503
-1.85690791782355
1.73995018815278
0.717886215303651
-0.0232024286705401
-1.81058264624048
-0.269469373434776
0.0143387938509271
-1.59841108178966
-0.386474555031392
-1.41142225427360
0.410887757825259
-0.895379946313864
0.0668185246289525
-0.720229718927134
-0.170911155740564
-0.294874356532786
1.18706092045594
-0.473029855982830
-0.623176522802132
1.13789208966106
-0.289282341293256
0.0861419869295078
0.0834983651283977
-0.328625304474823
-1.50132521707513
-1.26412595165874
-0.0976768094566206
0.817191886539930
1.55623443703779
-0.259495036416712
1.77832773818283
1.13139325314781
1.32351074296808
-0.110845954146809
-0.880656966165743
-1.54561751262538
1.02228369051951
-1.33597226987491
-0.732624927503648
-1.85536037840964
-1.05644445166254
-1.12509584912657
0.606069073042465
0.684853307851881
0.675779473891048
-1.47787412166765
-0.817549456553059
-1.69664338702414
1.79809275122456
1.08893169662346
1.56320072941650
-1.99371539080640
0.126507196829262
0.526936721921618
0.404452363820559
-0.619184259149572
0.00374071616144209
-0.485164154331202
-0.276684310026516
0.222497739131475
0.614533735904359
-0.240417791760034
1.14088316588496
-0.786953848257834
0.328896746269092
0.360758008768048
2.45126163827934
-0.880586873849241
0.110683479634479
-2.07515539140553
0.747247326268387
0.471217547132887
1.47746974648819
-0.0986926163454724
-1.08931741336304
-0.0523069996930752
0.277238018518976
-0.146960237389994
-1.05408538243775
-0.503955413459511
-0.541592163562521
0.351821525766808
0.323173644335748
0.430414046879648
-0.0735698631747916
-0.101053702722013
-0.781888203923511
0.350237115567250
-0.328708179310596
-0.139550662102721
-1.34411924973240
1.44824513397603
-2.28562363561204
0.141042919367434
1.33214218719067
-0.747324655873953
-0.111455653323824
0.302699007601798
0.904701183239092
-0.109528952356645
-1.21581828500221
1.68736311405783
-1.47039638142188
1.13829044611458
-0.0138942696916662
-1.68426771046297
0.147453024095936
1.62091306713590
0.516552095703820
-0.973555375081179
0.430604420233098
-0.0328788670022070
-1.47594097226163
-0.462921776400094
-0.561203785931005
-0.281594238184015
0.430574441561277
-0.572585028967182
1.50261068363956
0.286267917411673
1.18921051236558
0.0623101248520130
0.168379543443597
0.299212302517837
0.856239310273242
0.680377278196661
-0.101750212983662
-1.42588456035496
1.26469104926893
-1.60619973818243
0.887885025583021
0.159253479827649
-0.350312078411879
0.202950792434136
-1.20087913491162
-1.02457228792608
-1.65057217300064
-0.437889515177156
0.388178645953588
1.66620423286905
-0.174247154916797
0.556210546394852
-0.662149569181118
1.84434103156391
1.04434587659941
0.445862249499824
-0.164986717228254
-0.0178404624640537
0.418493765998950
-0.892768627391790
-0.823187612958279
-0.785356908939172
1.21065918731861
-0.637034721774003
-0.500359625493695
2.54059534593964
-0.231591883291442
-0.0718120370358462
0.280262255410556
-1.17783287069000
-1.18888147282191
0.597953784347019
-0.755942671506878
-0.513313340606225
-0.812276296119052
-1.28317365334654
-1.98548458504711
-0.313582891728075
0.933866914337055
-1.41076727391949
-1.01210389844212
0.150024463066858
-0.473338408806568
0.613461249008519
-0.717994661045757
-1.40986159200785
1.83771747125821
0.0648979719803155
-1.55626796610885
-0.940645142798431
1.10289177438558
-0.969509735992773
-0.207106883390899
0.846327673456144
0.983560419760543
0.853827941891936
1.21070892344606
-2.13696821832155
1.10442212299179
1.12138634293682
1.28656878889856
0.183798638894937
1.95202836481243
0.935656627526550
-0.238586408844043
-0.486726940438554
0.0614386921534966
-0.894997926284148
0.667674762742556
-0.106883521802177
0.105256004571658
0.0518322249461946
0.364337152715259
0.0613252192748193
1.80872463869429
0.389616402686648
-0.00614545151567781
-0.257190204350342
0.415484425221173
-0.330853665016200
-1.10682126665589
0.660069052556498
1.14683136964826
-0.996020874230473
0.704464759924022
-0.566871801869800
1.26742680044409
1.48799895240076
-0.207940865754792
1.41141088740613
-1.80530296640507
-0.357180100088201
-0.372198011697802
0.402348240768046
-0.665677692478896
-0.467651999605816
0.149623757913293
-0.325920898189628
0.299626689931447
-1.11518697237392
0.298485494176012
0.178123661004034
0.838247812299220
0.286039301251118
-0.557982409740397
0.360914459767607
-0.156061049207797
-1.10016172543106
0.258379951025465
0.502283706463166
0.731897296013887
-0.762002462278986
1.54465508325867
1.98111678229141
0.417387181361112
1.23740955612765
-0.967168261558434
1.85969360961669
-1.20856944365242
1.83703795298078
0.590884339336725
-1.07407077815934
-0.302974672872550
1.26333882974305
0.0591207874843776
-0.633743301289737
-1.26763572209213
-0.621085062929414
-0.0185594728863353
-1.23066779576110
-1.02641841917646
-1.52553412615100
-0.169946422526226
1.56602709521986
-0.456739908478473
0.624926026080680
0.112645746191465
0.450626040118823
-1.48100939314687
-0.656150900178813
-0.372786099995427
-0.130883406126581
0.0826017096539922
-0.0157855677971930
-0.239615751137640
-1.37726412347540
-0.873688026289269
0.676662077043305
1.98333370431129
-2.48145403765918
0.0200139873030005
0.405095765794865
0.217295126846259
0.811107694943001
-0.279080821715687
-0.571703388389898
0.457141809492258
-2.40018407465172
0.601041728026143
-0.361255717131315
-0.247172788903919
-0.302914862300594
0.925355454397120
-1.21279402284158
0.695610058555423
0.864406801167441
-0.404137354054036
0.840489051557681
-1.33146491152280
-1.36754805710085
-0.241216372070418
-0.343421324014039
-1.16486557975706
1.00317532260133
-0.678348283298888
0.995211366295358
1.06524882109984
0.0925046562456866
0.0796184727873456
-0.0764949911326254
-1.19834413642987
-0.274041833912042
0.571813823576744
0.404033257011066
1.66440825191699
1.44096977844972
-0.798870091706082
0.460246921844454
1.68287455788284
0.0366984234684843
0.443271869205599
1.28440795245317
0.198409444512720
1.57197980030884
-1.15599670743005
-1.17573278008692
-1.94121407516120
-0.519721113877305
-0.351351975229298
-1.08180996299099
-0.885035636042758
-0.202375511445952
-0.220767002624450
0.549435423203346
-1.52016686155102
0.533303172279797
-0.798409145083696
0.556203237257690
-2.84459724215548
-0.177151778075817
0.578598081462740
-0.166708790098757
0.551492483595169
-1.91957600746393
-0.369612183429839
0.227943014149029
0.466854887403997
1.18303747853881
-0.765546827822071
-0.176388197441601
-1.46303215515731
-0.371235454158869
0.720506399377077
0.948248202565136
1.01854252964043
0.948808874981949
-0.868102618253980
0.583730768641752
-0.594089558364365
0.437263330534825
-1.67618270480486
-2.45373268647766
1.05871871645820
0.385513526742736
0.465182704741571
0.112676275874644
0.854549450523160
-0.611769592645348
-2.13893095206578
-0.0108515767132685
-0.357009163338662
0.193954755302856
0.403193468760490
-1.12627294643188
-0.0389160680529172
1.54914753788534
-0.999617384030716
1.06522338255023
0.574527318512580
-0.260832461114353
-0.323116019582788
-2.07184244594839
1.35807449879655
-0.344582054154348
-0.545238646403969
0.588166566105540
-1.62288710034537
0.298495813384455
0.121750061813795
-0.339223391121931
1.10985823706939
-0.627052454396957
-0.113943500737875
0.965620041157519
-1.92321533957017
-0.201421005983798
1.11032867996315
-0.162401721345209
-1.30983897094986
-0.823543525419173
1.37845966904111
1.87383671160533
-0.0213271868455698
-1.76616360362135
1.82727794587325
-1.92537725336172
0.321369374176709
0.796728509538412
0.209490581134265
1.17539513014665
0.625915583657358
-2.55490312659202
1.92300226092785
-0.0732243968245633
0.559988837072036
0.0516073110615619
0.153080641964527
0.765968337730913
0.352105322361902
-0.220162783023559
-0.0539702837628926
0.480297080505526
-0.445263940475202
0.0981929011591566
-0.169926381989155
0.569148316385757
-1.39413190896581
-2.54960351696237
0.993255758565886
-0.322908224273511
-0.342944897887142
-1.39181643716733
-0.417811894105282
1.97290465596350
-0.375734654072545
1.20459648617648
-2.43256098346342
0.278965848950913
0.0789917291432073
-1.18756979873634
1.32416695278268
-1.06604441431315
0.125490331580877
-0.515154443959738
1.41687754893915
0.0213646511280475
-1.17145274155538
-0.496835967655587
0.323319241504067
-0.186412781977323
1.01133591329046
-0.157073505067125
0.615353182771162
-1.19562682008303
0.363882562119799
-0.387234696545142
-1.54339034452841
0.309562779177438
-0.710385545805950
-1.37475740230997
0.270223513108907
-2.02020027302932
0.0632871125802543
2.06951783472382
0.337963420199027
-0.580297263465657
0.106913763991297
0.652950212243998
-0.00724446108339290
0.288923065574540
7.44393528711152e-05
0.0150203720440568
-1.44070007372303
-0.721949525253242
-0.200083393184900
-0.137504337908951
0.943127189827926
0.00484087278678094
0.0379552576793949
-0.214924684847924
-1.44957552925962
-0.142935434792902
-1.30455459943376
0.928019957278684
0.869243608565707
-0.762760678245537
-2.76973433144702
0.695266702283211
-0.551085552415620
-1.23946439791874
0.322193168841966
0.0817591895566704
-0.0648228935743800
0.383349166173479
0.384394518900156
0.817729476424506
1.06977601503819
-0.228173798400163
1.21780993060406
-0.163062399369149
-0.290405462696601
-1.40291094499282
0.820696950257327
0.417238949486357
-1.33761980244075
-2.19844718273287
-1.23934102309870
-1.07289923890103
-0.316094930311730
0.812310566754153
-1.42775974256493
-0.0312654413248295
-1.19964590743941
0.517548257513425
0.701368214914629
1.85055056518535
0.752216463544818
0.463290973824644
0.291510919530494
-0.891773975791112
-1.74004961750502
-1.01533618859094
0.269256432744618
1.69465006427672
-0.121577028318264
1.73644253859418
0.937627382512505
1.15894936701512
0.409145655772884
-0.897953628932827
0.153204559848537
-0.729112537230626
0.0197497587022003
0.595540487723049
1.38929042832212
0.911568495664544
1.21346709766267
1.68022650804933
1.76260504606276
-0.0436773444627148
0.0811391842232967
0.556130655450080
-0.967213059550466
0.828970926142190
-1.73453344327821
1.03663213352233
1.23100822016773
0.227728108277886
-1.42476844062389
0.223145454487725
-0.769766039802845
0.144005385657603
-1.92441509650728
-0.724078713467124
0.967434883683784
0.175558470397484
-0.0795606520866736
0.00610683069607694
-1.53625189904391
-1.96109163557860
-0.567764413052157
-0.484540032038994
2.15432122626701
0.717313357286508
-0.376392346578987
1.34250940233180
0.514207737007976
0.0614726373105972
1.22925160957658
-0.119987520397762
0.535229633235525
1.16832682215963
1.23467310453556
-0.454194075890668
0.0920048853529050
1.55486487958485
0.841285699348298
0.0637877960836987
1.96729219865555
-0.996472955391446
0.733862599776771
-1.47689380804858
0.922433337709856
-0.323738180831153
1.04758745481402
-1.52195186903259
-0.586283736205802
0.443857667505476
1.13564782557643
-0.160586958609846
-0.233397482428072
-2.41942433480950
0.0499201308550738
1.98398370254319
0.315719001823489
-1.45521713227670
-0.166890076786691
-0.301335929290537
2.37218385806844
-0.361004887527190
-0.895645116466062
1.61884231721521
0.671016889548092
0.860412772403383
-0.305602033865345
-0.650497369874177
0.0182668689746505
-0.469366161838830
-0.0702156575725454
-0.0208663263248612
0.911597226482532
0.326493016922529
-1.73595317882733
0.296403714151786
0.453520538370853
-0.227754912738917
-0.525051413626824
-0.207788426337825
-0.493965560290625
0.293118791819365
-0.0466486534096528
-0.675736113624917
-1.46238064553267
-0.293892251980039
-0.836640651531062
-1.26730993752970
0.502222645762027
-0.137586268854050
0.656801613717618
0.686633935988586
-0.593003651887429
-1.13257819862701
-1.52489445339001
0.495287457663085
0.127320247545108
0.777922338221093
0.866389451120215
0.00364095465299752
0.373549368630835
0.0929927936552171
1.00755592171943
-0.723134899789144
0.350765168406466
-1.98611811519368
-0.343660394309537
1.36546860868696
2.61217753125503
1.24712786695842
1.15934433491217
0.824901459963304
0.397910686708583
-0.124595194093710
-1.03150706329625
0.869019959617219
-0.334004382592493
-0.0939486728462797
-1.41284912107674
-0.677188966672036
-1.13725480377666
-2.40411161071491
0.308093298662664
-0.332790455381499
0.0231733230248667
0.910102765736020
0.150850156690427
1.05530092246658
-1.17756094768617
0.118885002755217
1.70309800219769
0.585701192043407
-1.04338630439257
0.0774141460759757
-0.497323488319402
-1.20575167871793
0.664749745223284
-0.0879833552373207
-0.727057068544909
-0.140559744038100
-0.149925079261377
-0.531455807116805
-0.480520354338940
-0.490865185197222
-0.712614132572458
0.569944997118179
-0.828354269972372
-0.176727590800341
-0.604534680664316
-1.35626699754362
2.68063885841529
-2.94330728758773
0.397265828663848
-0.978386729585134
-1.92456343478389
0.620378220023235
-1.20451443796216
-0.289112478470891
0.736253468394901
-0.156636679071210
1.00107429576980
-0.381575382758454
-0.279403638106039
-1.65568865407191
0.627592174985389
0.942685895219581
-0.534987357756972
0.751975660451674
0.715323367920144
0.0967906942526299
-0.182637811467971
-1.13218381081020
0.425906647433909
0.554156973894302
-0.519337845745558
1.09332725612380
-0.666989429923647
-0.230959447158545
-0.773413498780793
-0.950804168652462
0.145965809957125
-1.23902451931954
-0.530724089067696
0.788229536854898
0.164267875141167
-0.612028016814626
2.30855518696997
-0.425346408215434
-0.790089982166889
-0.832579572193038
1.92334070762975
-0.0249801133780068
-0.161989037575270
0.378873982316761
1.72507153153146
-1.65966317101722
2.44534251436832
-0.981459940205352
0.353092224004732
-1.04367578750203
-0.0750296426584505
1.29373845742005
-0.847073387981168
1.99935647684274
-0.0541015633790384
0.913765167009402
0.113535329917156
0.312714926213176
-0.903226246465648
0.790260168935420
-0.657281663252041
0.0467332381831556
-0.499298167446554
1.24095070334072
0.802693935143099
0.0589762303182284
2.85156508085837
0.840575634992142
0.166995877485927
1.39126230047545
-1.39899809653490
-0.989173649119472
-2.38828403649190
0.472568561287686
1.23427507989959
0.737521639920557
0.0973927410207498
1.36298948398983
-0.844116618627359
0.301899018380457
0.0445651788579222
-0.222825458819507
1.28908565135130
-0.247577017495544
0.778291337632771
0.984001590525761
1.71152259517327
0.304814070007658
-1.36651268092053
1.63952169067657
-0.349091297517903
-1.09812996182024
-1.35157835308568
-0.0526085512350958
-1.03046056738574
-0.594574674277094
-0.447000229039868
1.46837293870551
1.77701483051482
0.474286610690188
-0.235005296751394
-0.186794962747257
2.01163007597243
0.771651297849285
-0.406939107620501
2.11781750322199
-1.53283360216796
0.386589004544833
1.19954144593022
-1.16455311001304
-0.508308288997058
-0.714043153152578
-0.254142815079421
0.394345771710282
0.269824313129013
0.123274439834499
-0.855156460141912
0.438520117292319
1.99680121910786
-0.403245975074492
1.51990537780493
1.41352682059913
-0.204382213590030
0.815002378481568
1.79078222408205
-1.13333270945902
-1.08758762847487
-0.538775968512101
-0.271131594046761
0.140137126648319
0.291083460631668
1.42181971957805
0.550955144311925
-1.40324185420455
2.14091466990543
-0.262261459671011
-1.37785257563895
-0.0476957795306412
-0.845229329800994
0.448205054861645
-1.24137057255380
0.743132162975228
-0.256543904084226
-1.24489116459816
-0.183897875528254
-0.162211237347478
-0.897083637901326
-1.10590372985175
0.502234244894669
0.449596736162292
-0.540554082822020
-1.41678786271402
1.11082449279263
1.13968114989265
0.575311644725846
0.986107344206227
-0.0321541278270240
0.701796226036442
0.372631541459619
-1.04644951770403
0.789922396686140
0.0466438364924913
-0.240762031955954
1.87457420107033
0.689759937688756
0.884256707170554
0.933083298900775
-0.276520374278664
1.32911677625989
-0.470904514699605
-0.478467975732814
0.246953566746009
0.396260928583714
-0.588907054507849
-0.140488359811610
-2.15779776073862
1.16853325037823
0.899041413260545
-0.108658227543098
0.450721489411144
1.91678091592103
2.21839959447374
-1.77260906589446
-1.38249098709882
-0.942973616485919
1.04901902323644
-0.733103235803457
-0.266699722000365
1.87198831438300
0.181107447817943
-0.895554873663969
-0.321383851932592
-0.872163873209783
0.172355703332630
-0.541643800097360
2.12890377364614
-0.700206985720842
0.592177876860234
-0.594171420306343
-0.198762731375106
-0.0101789985293480
0.435379280476725
-0.450897293582065
1.65550603187534
0.403930513726180
2.57146094666429
-0.632654035556512
0.408481562466070
-1.53832429566327
0.650405385176920
-0.0226834242763305
-1.15326661331760
-1.19918398088866
-0.130495605170507
0.851478089269886
-0.566260338723442
-1.05062029365205
-2.39072763125698
-0.0997717259273715
0.815159803791755
-1.63545311500446
0.557066601439388
-0.0840562803955039
-0.840386168732792
-1.98444750932413
-0.262406846532195
-0.0211853267289153
-1.23981103031366
-0.219587132835586
-2.07524373347178
-0.912203567655429
1.11983134969552
-0.380436898327290
-0.0633783759045784
-1.90295928720773
-1.31757905974009
-0.578979847005181
-0.0246421132495413
0.956582754297541
0.332960477002463
0.569023570675402
2.05157756077352
-0.0780458587007524
1.56368083849389
-1.52136585728148
-0.808459654792321
-1.20122527989565
0.117056330755818
0.352809032650690
0.677833056558177
1.23166976731262
1.62785920516309
0.961319943099820
-0.363496049385785
1.31762657154321
0.966718533465806
-1.35216490755075
0.734749294332265
-1.02037035821196
1.24066610371109
0.926715004305363
-0.172912313153892
-0.968308548419522
-1.10051328002134
1.61981673888675
1.76484610775779
-0.822872388278449
-0.0234858631274342
0.433285223745740
0.281560964093199
0.100837875719427
-0.918972038352261
0.750836231288253
-1.17614329790430
0.296589474675721
0.483512560968789
1.13422895355433
-0.275658097283750
0.105099129979771
1.38429503371376
-0.512676588726341
0.880926168345188
-1.74334169803142
-2.12441089732187
1.69228780708657
-0.342887450181683
-0.222267661187693
-0.128332612907724
-0.349650716999922
1.65328701482777
1.43090062023023
1.46393396097067
-0.421099830525826
0.980512281537356
-0.00588869997139353
-0.382952259300677
-1.33057263710543
-0.250881889331451
-1.61188305310258
1.98686388495475
1.06751417688099
-0.403682944762043
-0.694414941578538
0.396340797128674
1.00787676133547
-0.0473349628229361
0.317202419165703
-0.611160736285854
0.422429326971561
0.902107920538943
-0.729028794909006
-0.445102540827250
-0.441685673031800
-1.38105522165860
-0.685456592225981
1.01287668446253
1.10503646866670
-1.36553371819755
-0.610385567765489
0.223015189632212
0.457550851606136
-0.478069123810057
0.558779806517588
1.04010544623154
1.37970326708971
0.640981781812101
-0.151517030753195
0.614005732294517
-0.939419269583738
0.0136087565825054
1.99223314425087
-0.878335180110245
0.897543742455235
-0.131705333750935
-1.29872428795285
0.509858178040402
-0.805358603515900
-0.437452181551141
-1.45924281510681
-0.298950523282076
0.817302546952491
-0.422615677414676
-0.181033477206647
1.19840654534722
-0.0537439454852050
0.552980662050169
0.170158062841077
1.65991393603497
1.25609667069512
1.14957210084658
1.25101603722496
-0.830404148829696
-1.33735384446675
-0.482221581561436
-0.0920621223690204
1.23264288212540
-0.0228470796003829
-0.267236660131586
-0.866003696734106
-0.0451715267720735
0.0127691419556370
-0.0188955687580021
0.263046782651894
0.787062793057693
-1.04329861717451
0.354252774804397
1.30809118656144
-0.663382060907088
-0.523876826432877
1.90390011826130
-0.131735331955199
-2.13454816093595
0.452599969638292
1.56800553575457
0.878703893460532
-0.198687406089961
-0.898548587842832
-0.598382153280088
1.18892872287748
0.0476146507517465
-2.01637862086382
1.15645127250737
-0.382983916267820
-0.955105302483625
0.176782631871049
0.477517470695083
-0.911195957773925
-0.704634527949505
-0.243947525790438
-0.793816330407498
-0.579499907521348
1.01175857898366
-2.51690086083387
-0.0578326064869529
0.132837965747023
0.600640637275902
0.478989227657793
1.43073719314296
-0.415381376294232
0.715130390283921
0.242949963662954
0.136155148403205
-0.419797804558034
-0.574191473379467
0.375743203524515
1.03522901797285
0.918191709573113
-0.736656226262363
1.48907094589184
2.38299420346561
0.253969478308056
-0.476176208467580
1.23828256094713
0.687072443885347
0.440929694045136
-1.30895348448904
-2.13613176769727
0.293490789518344
-0.794308898980314
-0.0465648461291442
-0.224204092867341
-0.971167439680383
0.658062071893292
1.40445412571917
-0.901118705170970
-1.02547966393370
-2.19188975207705
-0.250448794041737
-0.800966825353331
2.94620166062225
0.514343376298406
-0.435242425453505
-0.467832836658775
-0.268931126267962
-0.347678271491416
-0.480366474945118
0.815694516182736
2.11520102020468
2.12370196819323
-0.580416291427943
0.644171367035427
-2.47809153500429
-0.267493333064434
-0.657728375606756
-1.46640637570153
0.937750136229597
-0.653854248777653
-0.421910421173734
-0.101174515568921
-0.472770595885708
1.72273216003589
-0.392076846767630
-0.102668266353616
1.07189195222035
-0.375983111293111
2.38149354445267
0.118914430306570
-0.163476276738332
0.220707369151668
0.922050679097796
-0.603986707635144
0.464667841404980
2.04166168581498
0.647722163095083
0.922570169298335
-1.26890106180433
-0.417044563370230
-0.267438827640526
-0.804154480868618
-0.0588467926646229
0.805706144473485
-1.05343583403549
-1.81442034578277
-2.16416638108768
-1.19246749615844
0.604986233698433
-0.439903470462400
0.358825671916966
1.67685747254202
0.642981147809950
-0.364458696677693
-0.0868365869464743
0.149629728629579
0.537027450823955
-1.23990859899790
0.924980621272391
0.104594045824268
0.938882591323836
-0.601293459608443
1.20433227672656
-0.349912912190466
-0.271619697308679
-0.294593896696807
-1.32372017043859
2.43935956580492
-0.0755239513299801
1.06930984656296
0.978853700530312
1.12649644515308
-0.935945277278628
-0.922594119963843
0.396675651065621
-0.0997872208321973
-1.94842846805972
1.83114081791973
0.268746153019828
1.05019714361882
-1.31053711386066
-2.53906236740594
-0.101959248392893
-1.79566072018682
-0.561671540283198
-0.605010337099867
-0.786072423987171
0.823775884429191
0.319683552484433
-0.333908018676095
0.673747731703019
1.61144104881862
-1.25078560636799
-2.47018303683858
-0.0979541861766676
-0.0988635854533586
-2.00857901649922
-1.92965419414861
-0.107720587187402
-1.26105799994812
-0.683944558471346
1.68559636155674
-1.42044526080336
-0.612482425057677
-0.505666755754366
2.08442996329476
-2.09508673129375
1.21398340945644
0.144354419947713
-0.592835479289644
0.0633663049958882
-1.25796560478918
2.42858980030582
0.985620867298253
-1.00335937327277
0.0525065083222731
-1.78031392726500
-0.0337507011340922
0.298183154182091
1.07347467932143
0.366606084331976
-0.158403480738259
1.51467259435290
0.901507095264695
-0.247562271285957
-0.738022614093786
-0.493765833121561
-0.551020023529372
-1.18721981416236
-0.361474529211535
-1.94753927115629
0.802848940665534
0.360471169845755
-1.55400907803833
-1.11187436970367
0.278505118292175
1.17841349765742
-2.80381528564028
1.98100877759093
0.443586277224497
0.574328451523688
0.144974697073269
-0.350399138841165
0.955309817555735
0.248403356103575
-0.0628128023916552
1.48792572558087
0.217953210780767
0.0960612954173629
0.185830584058625
-0.741008885821515
-0.455453782766027
0.683051303121087
1.74316604534350
1.72451972923100
-0.286523826169630
-1.60631896518277
-2.03804790683920
0.176060275074762
0.231805478333190
-0.808417049378496
1.61195549946340
-1.43480000143444
0.745228783445376
0.152290522500954
0.300283145866363
-0.333322330073386
0.916332982095893
0.418646346827180
-0.609861410623866
-0.0149124500415910
-0.614600587425645
-0.0267584080879254
1.13504810507798
1.59762502317517
0.586466682290626
-0.957400413131652
-0.395767935704913
0.494838575954762
-1.13361254970594
0.360932889657708
0.767797263818456
-0.859923529125479
1.41388139491731
-0.0595307396452942
1.18772391334929
0.00524805605763877
-0.343175290205988
-0.791958610965507
-0.510132371250679
0.0796070119630619
-1.73588289195750
-1.43490256022714
0.277575807731596
-0.758819542778231
-0.848546278558222
-1.40612298308207
-1.89002326922593
2.01059080933175
0.295848624018893
-0.558403343105382
1.05535894631669
0.995032953764490
0.890708910602203
1.63971309677883
-1.77913922469826
0.565637492141995
1.34586301737997
-0.201193033659487
-0.329525384568377
-1.33200467644766
-0.514489871206695
-0.717455354113520
-0.600128827592201
0.383386861471662
-0.681870368215201
-0.474668011123745
-1.47246020941148
-1.39850041280407
-1.92052247325595
-0.549006889214425
0.464855960468546
-0.0343325348450549
-0.0291117957861399
0.258765677212993
-0.501302425672413
-0.472298579001791
0.401819830930984
0.226959262088767
-0.327090086979724
0.880631179088730
-1.07087925935596
1.01040715543840
0.905595466230832
-0.267160981860962
0.684119107446193
-1.06990756568320
-1.19919582451238
-1.96604980415459
-0.256378560721007
0.815288884120966
-0.979488778809104
0.913166213980936
0.909802347779214
2.29735374244303
1.15524865516669
1.20482985047716
0.244876638244344
-0.682259693191749
-0.185831514385733
0.121451016537887
-0.122893419278518
0.139610327246356
0.656701344525770
-0.118625657063607
0.120180704963699
-0.929751212674814
-0.133280828542422
1.17863675329695
1.09823705421240
-0.368222972118855
0.704393116903694
1.44814851600045
0.0435483570007621
0.932175501744174
1.07318579780482
1.29923872316910
0.603669927423675
-0.504155860870189
-0.301721478128044
0.0623856950900187
-0.0406387590602160
-1.42206234015629
1.03629354043802
-0.769330142110009
0.0809572636363911
0.274661209161479
0.716041257371921
2.11650856218763
0.910522226934029
0.239740566357724
0.419399977908815
1.52851515560447
0.345785422152995
0.103604381801412
-0.334263687051043
-0.775270051567649
1.21839706244111
0.282080251437793
-1.40728172397822
-0.375100859170936
0.576843611916668
-0.611787614431199
-2.25364327850524
0.876683472079716
-0.349462080453110
0.384647937794383
-0.976594967221086
0.0325511267376648
-1.17954064352712
-3.50856089612799
1.02972300813745
2.24105003571361
0.858966089999812
0.929877162878000
1.77967681721148
-1.18158631161101
-0.0246076175026016
-1.20884566739383
1.21981823884045
-1.06404009155061
-0.620386095681901
0.752934611037948
0.376857459836080
-2.29814540080030
1.47455822766187
-0.441920794087278
-0.663365822865692
-0.635528677311196
0.498185746652697
0.591738635321604
1.17686336088695
0.0741349647033393
-1.45064021415085
-0.848856388709349
1.01806009228123
-1.36685072703313
0.811727700573433
-0.587837500144218
-0.0325085295162724
0.249693922259363
0.173594613743740
0.340581015623666
1.46870266633510
0.466866419453839
0.630950196374152
1.20297186323782
0.0511195113867972
0.143966401837532
0.369457426583695
-1.18935009150916
-0.274023708759039
-0.0913179508283235
-0.416982120551959
-0.401208391324857
-0.318313497781031
-0.460204918512288
-1.13856037811717
2.25502712963466
0.375743738349138
1.35635001220027
-0.573618330021882
-0.0893915976375343
1.02216899089965
1.00563242721476
0.881939733618369
0.602054402674292
1.32506583256301
-1.51206850886817
-1.18957018302180
0.786551786332752
0.0339455257134902
0.186669192285892
0.240352989101851
0.448614065953574
0.393463817235863
1.92636636184199
0.398059474980295
-0.893543156560211
-0.312606117753724
0.983082587997742
-0.402306528986899
-0.970717322891911
-0.119181617760693
0.956458225787361
-1.00160168217019
-1.55652476770296
-0.733881754148960
-0.459583740669414
-0.742678560592845
0.999795081613483
-0.885311726680560
-0.451428847689810
-0.554385600572253
-0.363413806256364
0.856387657549601
1.16972611846249
-0.976954401729351
-0.268576925266438
0.454259793082462
-0.321816550838029
0.397208214609073
-2.18371271382073
1.03846142171591
-0.303442428426241
0.00509358337292426
0.640138629151259
0.506895143444223
-1.18132430701726
-0.652638914113493
-1.55466248233926
0.964907893207159
-0.903040798588810
-0.184763067170777
0.203032541909952
0.283880067368313
1.81494261198735
1.22339876766217
0.739573307809266
-1.21515045804194
0.114588124246620
0.360563877548224
0.0867387585665498
0.278394526309417
-1.09582919261903
0.854431724636050
-0.594987047061455
-1.69949221769045
0.341688558406918
1.62362782919071
-0.715930455700541
0.409191985122067
2.35061731806990
1.30293680425498
-0.183624297158461
-0.461805115709990
1.34228297422820
-1.69353436626835
1.60469595614447
1.33476623739333
0.102296951005934
-0.914675001259332
-1.82446722359725
1.05243583106700
0.241586992900041
-0.633361215081287
0.295456830288018
0.367242395997811
-0.752128090960050
0.781776040946307
-0.449336040122880
-0.415865523081509
1.19591700879301
-0.413353099320704
-1.11607878416662
-0.349812692815548
-1.25896267867035
-0.00684406304490056
-0.354828533455980
-1.35517153809177
-0.705258805375549
-0.717279492559632
1.89535146974669
0.820733093080252
-0.0928297601156788
0.524077477978832
0.0584606743901006
0.873256087545637
0.735649117044648
0.211606328888321
-1.31490131153734
-0.291146537738347
0.388414776951353
-0.931766415072309
0.432209853104753
1.32395085414452
-0.459936565336070
-0.233427739128046
-0.728113130362975
0.782067521111148
0.506615750196468
1.69675675045919
2.08510947251172
0.766899790892883
-0.487228643473885
-1.10532946821055
1.25119525710307
0.131695317626082
-0.384645313532549
-1.16789176509905
0.312739675479634
-0.0625969267753702
-0.524323385909012
0.0831525352344948
-1.72756270376489
0.598476293073367
-0.194512200050789
-0.589148097659086
0.779501271477920
-0.0161966062259914
-1.24551326585622
-0.273768816454805
1.86880382731017
-0.830383468581909
-2.48386989881488
-0.700358059610175
0.178115558804574
-1.05490577852575
-1.40777488105609
-0.958849900202035
-0.210138597909676
1.23506570573127
-1.13221084411779
0.654424679764183
-0.000124207888165477
-0.954013515883509
-0.171076054298969
0.0542290424414769
-0.646186523749574
1.74629418821538
-0.142639694051623
0.645305040519333
0.552086970210164
-0.485565566996201
0.473384019828999
-0.494100424432871
-1.09404095961207
1.03233491018898
-0.248125208644160
-0.194953286651243
-0.156980780878626
-0.993638285869758
1.78810911457032
-0.767893946667422
0.983628492173359
-1.56351546288657
-0.0109113653935578
-0.0587531716878940
-0.197328309398512
-0.0853823958258585
0.544050815772807
1.63971433024042
-2.41684173195944
2.01393978170153
-0.576520894321695
-0.382425198121335
-0.486353654112471
1.57101520552627
-1.89212154660705
1.36492473624610
0.773847992703365
-0.417631553830864
-0.568595640130999
-0.771035848326141
0.252004815401437
1.23391651945046
0.635388279745105
0.429847077351483
-0.0697238673052160
-0.404433763990185
-1.14673814926870
-1.21831188451196
-0.490278959839187
-1.93697428078628
0.287843707590158
0.646856448930510
0.369801353434315
-0.272042797635594
0.719702626077873
0.300963252990821
-1.16353651107694
-1.19008036287625
0.266102495566148
-0.912834122153191
0.650002696700601
0.282922441768856
1.06476001364735
-0.143009176500259
-1.32613802357683
-1.69602095818627
-1.17285734600773
-0.753589082932251
-0.172963434713272
1.06497618814616
1.40266323775086
-0.0985891993598042
0.635885594284113
0.0896798841011648
-3.69717356707009
0.632402604577989
-0.591545054083194
-0.331896474586628
1.00410208224461
0.603950252164534
1.07919522033866
-0.356823039574276
1.93492010680579
0.256576617463749
-0.696468761687821
0.510388118501672
0.270642217725518
-0.193278117145760
-0.822776028926728
0.667950796300578
0.401062362096836
0.700249920748484
1.85649650652895
-0.748595657952089
-0.0594266393330665
1.22823736231078
-0.234444972071939
-0.516809314083596
-1.29196719742622
-0.881576088003712
-0.652347893354613
0.278733368067398
0.679528992641959
0.263841946730856
1.35119123954671
0.634770810562760
-0.227998588173698
-0.299451010027830
1.00658028838580
0.947803442566289
-0.361388947883579
0.154483628149916
-1.67503333183047
-0.435123839788573
1.33645975196522
-0.571608418699195
0.235457356416245
1.55849551067322
0.0492304232593575
1.22299720380787
-1.83223681224809
1.39188996570339
1.07189007735775
0.0873537406329302
-1.14737420592970
0.968362322069131
0.572272373923253
-0.441938352823912
0.640655676260609
1.08788592799760
0.910675265051040
-1.73596581358661
0.333201526440312
-0.0455574131026113
-2.01304999295710
-1.75638296814414
-1.52175287768083
1.27532269723307
1.54356481837552
-0.213317006298582
2.25520188457485
0.758699769249056
-1.01565513981241
-0.748807784889171
-0.749760574661614
0.919240274887543
1.32512799890024
1.46851338803320
-0.0804717302245444
0.0162647586033982
0.0805164722902189
0.607644023670023
0.819654361551436
-0.530733301390072
0.462495716302021
-1.47573872949072
-1.21497270957948
0.863896630700924
-1.06112705287946
1.03101764852907
-1.53468158490385
-2.31413999733546
-0.394800232352276
-0.822489510542291
-0.330913760202335
-1.13356494420203
1.60787501389791
0.562753223589768
0.331948185899985
0.891754509733754
0.337782626780026
-0.195837562887359
1.34484348310033
-0.821339655465917
-0.707347582415342
-0.888521424643570
0.796730771316737
-1.41074922094845
-0.0914589587037194
0.116131817612583
0.0762572618914050
-0.640363016460029
-0.566999709979392
0.188872270109287
-0.201741103626753
0.883928027027431
-0.415511363469314
0.604437767902524
0.803958133100857
1.07612399969716
-0.0607622831813656
-0.290466470100119
1.14058584444120
0.134326262772761
0.900307603594700
-1.13788294208509
0.872813965059695
-1.18998249643440
1.23526768581714
0.620640961515217
-0.521283500518816
-1.12764249827725
-0.282157510019338
-0.210576103616220
1.46331716260308
-0.152588781691817
-0.843361626783487
-0.711669861852611
-1.66367729080091
-1.30270751148947
-0.422809829201747
-0.394150691559477
1.04841498253912
-0.985537738324219
-0.529171193507531
-1.47552635072569
0.727528408353761
-0.485396874426599
-1.14981549798857
0.243670256249853
-0.570382472375622
-0.232167877712422
-1.60637034989100
1.07887413416457
1.19960759176063
-1.24756345303490
-1.20533420233799
-0.336938932018694
1.56717662172677
0.400088228583651
-0.140780873013936
2.29598031215714
-0.836951928057166
0.877449319847137
-0.826349814168752
0.778695180886541
-0.222906939078304
-1.83287242458596
0.659996434412812
-0.300072514097309
-0.131028001160011
-0.499838855397206
1.71467951269062
1.66785695064156
-0.482623714610681
-0.628617905427380
0.140161408999715
-0.953692805043280
1.98891927074050
0.847622281454839
0.270253548609433
-2.24393015050707
-0.326311931169963
1.63659484848265
1.63325917078550
0.470646355714318
-3.28527207992519
-0.0613426413345585
1.10881779323441
-0.729625270213781
0.000778313866594023
0.456211461213017
1.68034291845100
-0.0375066886055723
0.658686645844729
-1.59417290341328
-0.0963913344628394
0.203744369126219
1.21100579053521
0.432956540899807
-0.0943310799920421
0.0752667139079943
1.53033284273908
0.851601589237859
-1.29737301963420
-0.919256758032150
0.874742434407754
0.414478941990611
2.44514717051302
0.0239736507950800
0.120825197512268
-0.167849245563734
0.322893823562759
1.04031623831377
-1.28545490267747
1.08011478708858
1.28854401967460
1.04298540356738
0.0987714774537707
0.435255333072350
-1.11219931568647
-3.16496704945917
-1.27690654317736
-0.0875156203601802
-2.74025195307962
1.11756259479394
1.11833974035095
-1.19900994985695
-0.0895261723909661
0.791657418853384
-0.495726636337243
-0.963488272919394
-0.0555978882239057
1.69304533649799
0.526695600668656
-0.121809462764166
1.30405982672301
-0.821938154085945
-0.914232961120265
-1.07912180845159
-0.969219575257039
1.29282723591253
-0.290498115683454
0.674285145246373
0.877654271192434
1.40104469961541
-0.175688370024647
-0.725857524556207
0.243639574354768
-0.805824798304850
-0.688034560963465
0.258515005941749
-0.870751459072307
-0.728294804274999
2.17693702541092
-0.675070550941470
-1.51370403038354
1.59191260272207
0.916284535245238
-0.680781319331406
0.121286289982429
0.524607485500808
-0.353844556600448
1.23691887204665
-0.421326399244603
0.874893675604000
0.00806761174236964
-0.931318751415286
0.990905680921502
0.378046698724541
-1.62799824607506
0.848086380410624
0.579780547800057
-0.176006816781214
0.116953953790466
0.0527729809285270
-1.38990476603525
0.602996694853287
1.63028975015270
1.02246446430935
1.97438160489278
-2.07854972582133
0.266874962522489
0.838552036411062
-0.898329115707040
-2.12704371444094
0.0862241295251788
-0.898739745504632
-1.22786957577046
-1.37550493715598
0.220328671840320
0.887853515401349
-0.234438788562585
-0.766093119078359
-0.556356082419014
0.292551747480452
-1.25615892704204
0.804471720166604
0.206761106802468
-0.166095239021738
0.646828527487960
0.167507653340377
0.0323277410948001
2.70693369528477
0.868940354535807
0.658205420724343
-1.39102466172510
1.71807149530020
-0.902379590840941
0.159512209336692
0.0596617036811020
1.26586737566666
-1.14909868083832
-0.536407414504065
-0.109568983172649
-0.663611576497146
-1.13428606029485
0.134470836832870
-1.27999737496960
-1.62176296564875
-1.04666427520213
1.35316288559711
-1.13857006494547
1.17870183913430
-0.116395801300405
-1.46838194789002
-1.19344850836076
3.02110201444675
0.838502736072746
-1.83842295911844
-1.31071084740868
0.428433467626083
-0.681717957687304
1.67537022487570
0.973959973540386
-1.28933381419359
1.02814404542300
0.101550531936148
-1.90189041629874
-0.127852284040773
0.546831910522788
0.574090694628081
-1.33136261453225
-0.678035479152384
-0.0216220930265620
0.939911114675046
0.679395609171515
-0.224349960255951
-0.785773093065359
0.0651550945060411
1.11647100842200
-1.63350756557612
-2.07421018261098
-1.51706669828741
-0.649200995084284
-1.13981289276497
0.926018410946013
0.789860853636191
0.444777936487506
0.488252727249975
-0.922990128962005
-0.579447711297007
1.15467396441608
-0.0776209313907326
2.15154773060193
0.899004065775768
0.592579252929258
-0.493632939207790
1.90191496999863
0.00672339184810605
-0.433423682422096
0.272816765366730
1.13548460219136
0.345762399198915
0.946295849049508
0.474873916732219
0.311403561196800
-0.975615964164199
0.476555895106196
-0.0676293516744209
-0.887189026650390
0.857450985505323
1.67326249223278
0.171488326373842
-0.860047651480724
0.0606785627635192
-0.465388802646484
0.828632765960132
1.19562865885982
0.0697238392525033
0.611842206691366
1.44908876975462
-0.921111965596162
1.00259576741421
-0.0420886413467770
1.36090598018100
-0.621276708396229
0.447187112608427
-0.744622318941991
1.55941994833581
-0.341980669695724
-1.72156519252011
-0.314531945725174
1.71949564367021
-2.91990614712440
0.388405551383827
1.04960315967288
1.72916238592503
1.70401976369226
0.390025528840840
-1.77751094507125
-0.765206766292591
-0.0733828746860743
-1.20653381448470
-0.217089484312947
0.322039750023869
0.177735176086708
-0.396580123013464
-0.0555909622923001
-0.519152183114010
1.04867533875648
-1.84978050630415
1.29576930550755
1.12955545854957
-1.12881619973714
0.585675106645759
-0.812130099818871
1.12924758769907
-0.118638551929353
-0.184001807161977
0.801418570213004
0.736996764037047
-0.213866152717281
1.05722708340455
0.872206690468651
-0.838850676792858
0.296751958271817
0.653884656072263
-0.162938739486872
-0.968296512733287
-0.0881952267839048
0.227414554469593
0.243102518433385
0.779070537026520
0.0407041563961745
-1.64747223583811
1.28379605515144
1.96820500484747
-0.989986084371662
1.98328220417851
-0.948498780306833
-0.451871964608695
-0.930341909293335
0.174863197328845
-3.37051845034985
-0.909482974614992
-0.670174162315654
0.167203223301869
0.470169063380710
1.02864553287747
0.240945835335962
-0.758405755369070
0.257353707714384
0.646210737627681
-0.300731918582359
0.00776305151401725
-0.960996455307261
-0.803736480089728
-0.0615395161658359
0.377356674910124
0.536310206660856
1.76153033100063
-1.46233745026432
-0.588122411423116
0.370530655499526
0.504206646840326
0.178750876474301
0.795799189227449
0.666141806203958
-0.147120212343164
-0.795154625677371
-0.0607818354189043
1.36878903191787
0.848635245937659
0.124992816638548
1.94942129015663
1.58527148868047
-0.226836944683377
2.08014122775432
-0.783508384972911
1.06717734536289
0.896079598702951
-0.167412885399865
-0.189617545885577
0.609317749971600
-1.28190655890687
-0.793521755474296
-0.289534413498480
1.87436256965947
0.0590261455279599
-0.391624701200957
-0.322935395523377
2.63857722128626
-0.112219309869722
1.22511996637659
1.03078435492357
0.0818340471580033
-1.24432181817463
0.143161978428660
0.967300424405546
-1.20376694367064
-1.06075351526066
2.36021347659130
-0.511297828985754
0.961342380919591
-1.85219141879627
-0.646039742627368
-0.918302850786991
0.820141300606323
-1.94429214856687
-0.193591686477645
-1.53701015436909
-0.348598408485686
0.901967909486597
1.43426755657991
-1.49588444535754
0.143846526975405
-0.316658380197937
0.881872143503027
1.02144174982481
0.310508832657179
-0.733126380681455
0.210112870849630
-0.509050119907695
0.932631397831285
-1.16591735110050
-0.135336330569116
-2.30425833040742
0.510657175344617
-1.86809634108204
1.31742384515414
0.130097236975088
2.11063220002424
-0.601814852431743
0.373940072397260
-1.15830704544874
-0.447770011902561
-0.888954361272092
-0.415523435719687
-1.05512379190904
0.353769711106075
-0.305800272405805
-0.511065092927107
0.188697627191018
0.801674821562432
-0.416970716010551
-1.03870274137755
0.0206442717643804
-0.464693771737453
0.399503111198194
-1.48932336042022
0.847292526366358
0.969377086422770
-0.466738207700984
-1.24090907116262
1.22621512915124
-0.0885346294532432
-1.84856182617896
-0.154844024107311
0.0634569122070442
-0.367310901920465
0.589917219834712
-0.245610543700104
-0.00747893407227556
-1.24516312743408
-1.20564832112503
-0.286190348705030
-0.777192517575714
-2.22802388315071
-0.422696868940007
0.0760537961480610
-1.67064061344989
0.864908929726464
0.893139666637088
-1.22539473379069
-0.486127208472270
1.32019674361868
0.158050651908958
-0.270616778424104
-0.388352460266918
0.470051220656362
0.281942657302088
-0.741464090172915
-0.504247448567803
0.747786688321795
-0.839682685075325
0.0672784666766212
-0.403139269253250
1.11575050282657
-0.216668056021014
0.777850348064914
0.186835418624424
-0.946426113995257
-1.71686348215976
-0.589134597890890
-0.341432960368006
0.291348326197882
-1.01552844823116
0.491118161216444
-0.828211957042138
-0.0279191594650480
-1.00022210269420
-0.304661517358004
0.783876248787619
-0.333567121619599
-2.39886304755057
-0.231838862237016
-0.765065438339854
-0.108565324845790
-1.50964722596490
0.0385101019053571
0.828981354480744
0.103055414838522
-0.0885749384253707
-1.28461104097605
1.90530608196165
-0.613824186835388
-0.372267530523367
-0.122829924068228
-0.944666813212547
0.315838918564792
-0.376606451128137
-0.241066270880628
-0.0166571777649303
-1.25418168070825
-0.937603524389768
0.827250284090435
0.0646391122964200
-1.77662779092587
-0.0686954107852878
-0.546656649963493
-2.02567220817235
0.414926422687806
-1.57322050690467
0.0646596509263833
0.542559425772061
-0.234907548546406
-0.272305810755019
-0.0233714102535501
0.856076981477537
0.0700581495563785
-1.08919813443085
0.398143854286749
0.532057572288683
-0.627466005116427
0.215088131401528
-0.924228999820952
2.04705737551347
-0.112638904650269
0.712309532632934
1.02663389855951
-0.700052902349323
1.18074476806107
-1.43868212153374
-1.31678719402544
-1.36241564254058
-1.28485589756851
0.221371898203324
1.23479530429989
0.299038879013588
0.990306911330269
-0.253598054196670
1.71265490204221
-0.801542448654489
-0.985437358939262
-0.555294531613174
2.10989658231429
-0.526225240493220
-1.23307274405311
-0.302562192523824
-1.88847662136341
-0.134061443151201
0.637117155944586
-0.000589196687762932
0.815642464963320
-0.336108446753697
1.19385259047161
0.233353124636380
0.377290398380001
-1.51029649008649
0.179200761037440
0.424492382394949
0.154518381579724
-0.984029756339991
0.0472899311913076
0.503622415678313
0.676070823274164
0.422726812035835
1.03159335055082
0.393135740612101
1.43403328382626
-0.863982044872219
-0.855775786470854
-0.232301312299414
-0.765422498703841
-0.468705693735227
0.233104325030234
0.0417511168540236
0.298294372937820
-2.12964335531460
-1.01226406704408
0.104755840279271
1.21290638836805
1.02154817914790
-0.624476417641600
1.22948871726093
1.04347427847545
0.863023700699493
-0.712716312579875
0.228483197656233
-0.832688390771885
-0.0118411554624430
-0.263721486988827
0.400404703822500
-1.54492482614598
1.51744366048229
0.129427854117035
1.10594847467486
-0.155651532278349
-0.805291500296396
-0.249762413289390
-0.638730236602349
0.862202333475794
-0.964150437105995
-0.202081663982623
-2.81793738948040
-0.208051531367846
1.05079622301668
0.734628909646213
0.427547324805584
-1.82447864546941
-0.738584992872323
-0.588853126074531
-0.341722764811089
0.411031233753052
-0.317383543930816
-0.294921537938322
-0.845708107534799
1.04030833166997
-0.00183918461093585
0.00680392659076582
-0.425214784847827
0.939564178150442
0.570207238189021
-0.729299473786149
-0.153639565379274
0.657269347776868
-0.843085406158303
0.238007484642883
0.102310082264295
0.426256789406272
1.05355116815020
-1.77009954604364
0.378365085412320
1.53949603432690
0.710399052011369
-0.601854682557362
-0.574933607922112
-0.718893593854861
-0.818738309994276
-1.22429350694828
1.05150978206916
1.40885366929645
-1.15075080027373
0.241261030268751
0.366832633964593
-0.345671903402711
0.141382276630741
0.913275782883758
1.61646170007566
-0.384919782276205
-0.0564339085811092
-0.147382080344074
-1.19082830106771
-0.284083571626420
-1.02688694336604
0.645263459388147
-0.00441406974577713
-1.56316696879648
1.06450899119936
-0.428533569924885
-1.06703801156763
-0.216845158916924
0.298096867796906
0.191401815563145
-0.374764436840123
1.97938714448528
1.33387372573625
-0.478447975396062
1.22150037596109
-0.0458725414987213
-1.19459066336539
-1.46452727027187
0.775566161470786
-0.668114746847984
0.220523477962782
-0.487879078447773
-0.106758672676888
0.601816167963086
-0.844187944666683
2.60063726314161
-0.582388973205385
-1.51036679631249
-0.840766861077143
-1.98691664739050
-2.03448947578163
-0.396002814559333
-1.33222812879389
0.519613011382396
-1.23048182930840
-1.26919634421073
0.146808783777172
-0.277204703771380
-1.43327155194521
-0.827227799834759
-0.287822581479540
0.356547586436947
0.798121779275512
1.39371789838287
0.618247756194009
-0.0570319066392419
-0.623582469053961
1.53545779288008
0.318517603567553
0.294784341036714
1.35955699670147
0.946379274178860
2.21949776978428
0.625859622820166
-0.431526762752677
-1.65766132163845
0.896574404930388
0.456936885890073
-0.0941646579426237
1.31425312420656
-0.603402946179198
-0.888459274456857
0.696234650929125
0.291472576114601
0.203736381550711
0.219306214079951
1.66568371716129
0.372866827582341
-0.791631051918985
0.424278399007223
-0.00745543202909686
0.106736192638489
0.510536128334575
0.583481201466961
0.777606381297583
-0.682626217743870
-1.41076039275507
-0.0364174523919655
0.836489071110020
0.820038157354377
0.747101769130619
-0.479220709275051
1.26344457822701
-0.428443569032321
-0.786293990591851
-0.135168231085411
0.795811017826594
-1.77285187088264
0.773704941990813
0.648072753210260
0.215661729341080
0.388318397076708
-1.01875900941874
-0.157180943390421
0.0173257001078238
-0.465374369400448
0.227263516039336
0.758759753290983
0.138025902648902
2.74459661284331
0.0597765173885293
1.24585900227675
0.660025102101831
-0.680671608460272
1.90864123550579
-0.710291097648461
-0.188382514354944
0.101034628605583
-0.465720169094343
-0.257658829392933
-1.49209460298449
0.318289202705642
0.753947266239440
-0.609087843130945
-0.0135341234361450
0.668501227019263
-0.229845057816896
-2.46875088847404
-0.691294994304922
-0.606539412827770
-1.20749800267637
0.205360569994586
-1.02761677423159
-1.43105305080339
0.00702400970753096
-1.27924110295691
1.02023167535323
-1.67330759747262
0.987426830906528
0.611456872649247
0.0609073514894919
-0.729500104254761
-0.00744479403449612
-1.11317928091711
1.31149390087043
-0.419779511359722
1.91697986218579
-0.909008911972616
0.423142289510371
2.06739823674679
0.122203561200165
0.361482998184326
-0.0110820821122468
1.74409442694589
-1.39187847098467
0.581205842744101
-2.49852381968312
1.11002054565912
-0.271639968985337
1.60030758166083
0.479723594645601
-1.05012348244814
-0.657798780849161
1.10727409010330
0.259174414398137
-1.51618590487356
0.328901674970191
0.128600334343533
0.919537897418089
1.48295892093566
0.248056815115427
-0.536158719057398
2.41093457221449
-1.09191597855433
-0.00504249511331706
0.607972344819262
-0.561168075447840
-0.546478366879338
-1.54997756200809
-1.67329221923291
-0.452674738439426
-0.463301238946707
1.32752413209044
-1.06258875579491
-1.92387287790274
-0.220088146557281
0.123938775586719
-0.658370807611910
0.261680986035958
-0.513428528670164
-1.38211854222178
1.63385019880312
2.42096764385434
0.0815239126246127
-3.13186408178211
-0.682345472375928
-0.548820397003415
0.343963860427116
-0.315164202562688
0.253223468108628
0.666264710601710
-1.82390045921192
-0.262843958491370
0.591609770293718
-0.863133731170306
-2.22492626645429
0.0300363494087964
-0.780892318417990
0.279214171575633
-0.424746852243290
1.02675046121592
0.384885402914953
1.51137887753598
3.03405671352584
0.513046018031733
-0.182299175405112
0.109406893687807
-1.64259762425795
-1.12514819790600
-0.0174373291384467
-0.316318293413269
0.637993280543507
0.316135910567362
-1.07204593904827
0.0957057913253788
0.185680966655923
0.344562985481592
-0.271644088912625
-0.625968309410068
0.277263905453079
-0.266373962097237
1.12615765054177
0.345377027817208
-0.156023059349111
0.371881661243063
0.494961708251357
0.498468996743320
-0.184670322876809
-0.0130441470700232
-0.154558571304093
1.18520896851644
0.834322655376573
0.624341040480663
0.234829644890635
-1.25401189982842
-0.592762180971881
-1.26162578724322
2.63882542742329
-0.445072928958619
0.245794141035510
-0.786629215569350
-0.129090300488174
1.66407194911799
-0.681019983302643
1.50986740710848
0.939478758881903
-0.747667550797550
-0.745001536646111
0.350424978348778
0.250642096867277
0.190794657149045
0.310109737749281
-0.563960121573160
0.0417496867053727
-0.419823251950155
0.633846660212643
-0.427485645737295
-0.523250133246213
1.85815719600991
1.05036144873441
-1.11717466671974
-0.473525901268485
-1.35995707375068
-0.628545605838472
0.910086883862261
0.463270691582254
-0.422651230257867
0.639133724686984
1.05753762231446
0.803542259274957
0.545695288239095
2.87927814030387
1.12706736526026
1.56467240011181
1.05607224299040
0.534048845869342
0.759494840738038
0.331560773719041
0.803593852765805
0.695190770251894
0.331548761757894
2.34436349678300
-1.01548540511246
-0.953691526844175
0.681911571344407
-0.480733370633229
-0.386573327658498
0.731913339273908
-0.288727747032290
-0.121032960709423
-0.233543008204565
1.14920087078967
1.26048163804692
-0.733802553810393
0.721761923941178
-1.22478461141588
0.616252417860290
-1.75016893103543
-1.51572875209750
-0.827753195245714
0.889694512435774
-0.181837764202931
-1.16127169663536
-0.0675178002434538
0.374358332354339
0.753895221362525
-0.255268171962358
-0.636939819891640
2.20847955876166
0.923274071472088
0.0389939603868680
-1.41900741948594
-0.690243662039295
-0.242169439471657
-0.610867150131612
1.62910100398380
0.327325750633746
-0.194808247470542
-2.16511111726230
-1.47646752537494
0.927176900891159
0.909893582320426
0.276487437002494
2.26337575108838
0.433822657938354
0.565080617267417
-0.713217971141695
-0.899511621531490
0.143417046521363
1.57677766373407
0.861181691324988
0.0369692769353043
0.312322328935894
0.649078930084142
-0.448963210101209
-1.45472441539754
0.727107011477070
1.26677401160059
1.32826676927255
0.683929358320237
-0.882627641519632
1.93830376214887
-0.135187459038332
-1.78409846764601
-0.473899985853582
1.01311995217788
-0.686236640948564
-0.0820591173783394
1.03953173682219
1.01398062524875
1.23245411224142
0.553725027443853
0.450737845212686
-0.182339524798250
1.23420989046675
-0.0249206975415446
1.34336352478176
0.207882652249451
0.216248231443515
1.53714856460491
-0.115651541630902
-0.851215555254806
0.559064020268623
1.83291852301649
-0.321638990174653
-0.808318318387165
1.98281425341166
-0.515497059250576
-0.151687441223780
-1.02234496179492
-0.473065938411430
0.865035372477863
2.02645750726630
0.418435742683136
-0.622914273947516
1.41555706258565
1.29096076872058
-0.632588714404852
1.31553737673886
-0.292272348845112
1.11295160849067
-0.0245987474925288
1.81991481011466
0.0424474350037406
-0.379661151009843
-0.498684961045009
-0.247781964858388
1.40347724873170
-0.253433700719221
0.000212701485270354
0.952834385366907
0.545247297957501
1.91426296252920
0.379106742387874
1.62175719160875
1.26876471721127
-0.0900040991702963
1.14009818184405
-0.536227111315746
0.387780713088568
-0.0637756010881333
-1.08511531948848
2.63431882982045
0.0862600492593904
-0.417163973462688
0.934546338878260
0.352146208778669
-0.479477698981101
-0.299234015451215
-0.314483455156295
1.26643624771718
0.715724616248365
1.07733974786595
0.240292690337941
1.67339445002577
-0.189187850827313
0.315729416681864
0.169952815253748
0.988986084741911
-0.322163050617238
0.412324081252223
0.179485229062151
0.143230857239826
0.406786852185457
-0.234996763341438
-0.508664149402333
-0.0151220165221693
-1.09537541920236
-0.247070435931345
-1.28451674460095
-0.255593222983990
-1.42540532016113
-0.451359305086143
0.173106471989874
0.0786347938800426
1.54792971406505
0.196055830284582
1.53806553183949
-0.711405150043511
-0.569631689495759
0.479203734387789
-0.159048552153341
-0.790608065012658
-0.332089828860568
-0.408585781295822
0.869313948098768
1.93459319455014
-0.332522279633715
-1.14377571096204
-0.168729343761889
-0.770757624025931
0.162363063775000
-1.20736769412436
-1.13663195123544
-0.0815565494243591
0.495772728602333
0.303684367047482
-2.16284798941229
0.567710917572772
0.509377876332858
-0.187015509650892
0.173084567801147
0.693544933038037
-0.670158116660465
1.19774551027946
-1.95622966943204
-1.64661776967054
-0.551237993215387
0.543252163193601
1.73669592301207
1.99798382035946
-0.640461209839977
1.89135799377422
0.684797244428767
0.203959154428089
-0.232895888654096
-0.872483346849506
-0.301623539473093
-0.511884651966382
-0.416137856347178
1.07744622000722
-0.822228801873666
0.0458432677120726
0.554052090069859
-0.379258275043853
-0.591908489113704
-2.28331069346068
-1.47695034759631
1.18862370211201
0.256865856682176
-1.76703205564195
0.723897320606177
-0.0695335520379549
2.03085342946809
-0.979217915277849
0.327649790761817
0.134644906469618
-0.624033768946504
2.23968463383917
1.68539551229991
1.27174263010276
0.241775374002641
0.715794161121098
0.488074467624127
1.79678493204099
-1.35729949195061
-1.42033086890276
-0.581717212687234
-0.0998668766178630
-1.64397610568558
-0.680177046881329
0.336496316819276
1.38686967826504
-0.312397658561254
1.42011403117863
-0.554753138953869
0.492715387527796
0.674049868516524
1.95670029492325
-1.50027652332980
1.94148722460228
-0.134684426820550
1.14206218834803
1.11098349572977
0.221353576932849
-0.341497971080931
1.47204680779601
1.85312681121089
-0.436505232026511
0.0221981180060539
-0.164707161391000
0.133701331844159
-0.114218080656076
-1.16144290281726
-1.05338685090853
-0.502646542383246
-1.64277802463626
-0.635001776408207
-0.480991096036091
-0.144012501256194
1.28782320009991
0.148885294540761
-0.0487882769948352
0.0912388117366140
1.30614113106651
-0.0271681000382967
-0.564846369267496
0.342386057849151
0.323039876224201
-1.28365927404852
-0.100831591608064
0.708254540233072
0.211940497823810
1.58958851163085
0.489558116327921
-2.31512816886802
1.52787168816548
-0.253928582272361
0.754538270485571
0.644484373767291
-0.357087552401962
-0.489591554582257
0.943919404382376
0.754368110572278
0.0885721227639600
-0.961336851951958
-0.142812818237567
-0.224265215295216
0.965295354480659
-0.394780427497207
-1.38036929821334
2.24822016389162
-1.39928215698283
0.819678816111741
-0.763117712475230
0.396648225349980
-0.289876346588506
-0.239360445807588
-1.10050605217696
1.11080341918750
-1.71238522110832
-0.0447325177468807
-0.511917336401591
-0.107830214814152
-0.536721912558937
-0.0823362194159455
-0.0481983331744301
0.427985097430769
1.26487951894928
-1.06754034176741
0.548061528480785
-0.543439495925499
0.0995783434583953
-0.568380348780612
-0.860060462972813
-0.194194492962094
-1.68900911818465
-1.36577902737185
-1.37940506734458
-0.802576410679038
0.504873095932951
-1.65560600500186
1.66793854968148
-1.85381406764994
1.06826448720208
2.38658361477511
-0.928701496021082
-2.17030670070067
-1.48728601342475
0.318247537775739
0.150401345281450
-0.251017942107374
-1.74025601442308
-0.151384171075263
0.213483114240228
1.00871842458976
-1.04858354420148
1.14894531844359
0.919923809504837
0.0165423067737372
0.550120955615854
0.0699484091903130
0.241983924978502
-0.0681529830478509
-0.665414041920562
0.0892657917918717
-0.958319457627210
-0.203144306618383
0.461126474513615
-1.45868510914235
-0.430411718329008
0.556611171923999
0.945746032320195
1.56377876757018
0.506381678781625
0.110508371282285
0.217098301282955
-0.875747018513349
-1.38819803615907
1.67992834030996
0.918838502673699
0.162449761604644
0.454883141395931
-0.00790307630091776
0.0669213137580139
1.49473284331118
-0.468620255850652
-0.488032482548606
0.607819557639182
-0.945123161894614
-0.813516817844156
1.15834816688188
-1.15413972325312
-0.103928453427629
-0.110799395074055
-0.718072108344746
-1.50908717827598
-0.323329143598865
1.21288738230323
1.68013020162938
0.0453299375494549
-0.846528524840597
-1.94646512503140
-1.27125837668288
-0.728170713968077
-0.500249160573995
1.51404622413850
0.496290308955887
-0.807684998245066
-0.664929795741054
2.05284079779537
1.89500537258815
-1.21580322107334
0.976656179269531
0.290923256676351
-0.954730282297552
0.123959733258035
0.511770930851488
1.49894661363620
1.39883403664803
0.111610860406057
0.501415622504749
-0.941059205731256
-1.07860578193830
-1.51752026670362
1.72576254562285
0.400865770720134
-0.986534700400331
0.0322080948726268
0.588593783476037
0.0760616236322139
-1.83891879542907
0.194840045233451
-0.931811627912569
-0.657635285268136
-1.09500219441885
0.334148727027616
-1.41911005700435
0.802830630994808
1.17071112642529
0.691747694491232
-0.0159935057528525
-0.820155414727883
0.180761098279834
0.496581633337231
2.68695882748454
-0.163411160705852
-0.0284809186412178
-1.08842684369345
-0.460638829160376
-0.0263740023584439
-0.750266057443197
-0.889698412525816
-0.394749900655104
-0.348188142253724
-0.118024904730942
-0.316971968253138
0.199073953954272
-0.149672268124768
1.52781801687316
-0.580104144451660
-2.68779566645133
-0.731725728576302
-0.106399480389761
1.20392213615926
1.10733689177761
-0.0580878498197016
-0.0693681294168150
-0.607528825933512
-1.48353785154792
0.765361791607053
2.01379368439375
0.539408259015559
-0.0583583984212656
-1.90659221706412
-0.119883831145829
-0.880792616553819
-0.119684760563873
0.855893980043313
-0.847017709457074
-1.24959955659624
0.860894486874700
-0.0940882580170762
-0.980645698539556
0.647308688960324
0.336775593364582
-0.798946165061952
1.77318675524594
0.215878479914989
-0.505351656071224
0.0414884580681840
1.07764283925409
-0.666032967000907
-0.983556598242509
0.415834827058154
0.193823952162754
0.0285858278324241
-0.608585058004778
-1.34066195592684
0.159385518583634
-0.583394717296269
0.545944183934104
0.710033808897145
-1.09997322167325
-0.446160156009640
-0.257285544923374
-0.0702213341163432
-1.19039150010799
-0.982757481328821
1.32153465402411
0.688885314352593
-0.433606374184215
1.83316235985577
-0.949748610252952
0.142785630880490
2.19523287876171
-0.642329281442294
0.189334816231006
1.76685412885732
-1.55017155434739
-0.595507483835973
1.33378378236664
-0.578189350839983
1.22789234597485
0.384101408340875
0.344885344475283
-1.40822727039235
0.455005576569251
-0.591229248605933
0.826241012433098
-1.58555882149185
1.36062594067960
-0.0714232689920908
-0.429916734597965
0.393942891857967
-0.864366591401175
0.404333880235561
1.68961448690245
-0.978199448767003
-1.24206853138408
1.33891195599893
-0.461709806968911
0.113977424761050
-0.210678932817427
0.300752449363043
0.929596455666376
-0.656029284709809
-0.359014496526898
0.206902509473423
-0.841847847250137
0.765997701423633
-0.572094627055046
-1.97858524971399
0.262453934124746
1.49384746147698
-0.0196514222502032
0.251802105256876
-0.719230180695544
0.317053608865601
0.0688166088354455
0.232655260505298
-0.00898151777070471
-1.07280888741139
0.445433970782029
1.65056544334997
0.789657627788385
-0.339413823829455
0.312750387898682
-1.09504995184017
-0.196628283397814
-0.270066389338492
-0.204001894298059
-1.22418810770622
-0.115788353744315
-0.363054985852533
1.06679151124040
-1.16882069802270
0.367334195431781
-0.889928665998373
0.187934734982477
2.53149199108817
-0.357433367073157
-0.865506730865177
0.934680017772965
-1.20936660162943
-0.972364219412978
-0.170431896379837
1.58647187598918
1.21268727015219
-1.04018093907071
-1.10010681912498
-0.148938960962080
-1.03371143025559
1.03217306203274
-1.15932121132774
-0.995769566518155
-0.774404950760602
0.559223133150523
-1.28144407803559
-0.880191395950485
-1.09518321869812
0.757380502592155
-1.64617291627050
-1.27747802318921
-1.01663534970242
-0.942862396589555
0.432828904140697
-1.19814874824908
-0.576134254565742
-0.892227407636902
-0.713383589224884
-0.139280516404073
0.850912521503611
1.37085795140773
0.126089029589822
-1.15312911115179
-0.352287952728291
-0.458986965344780
0.999346811326265
-0.748387493885392
-0.836791748326957
-0.0594896957080505
0.212423764404721
0.663279033730481
0.467756151475255
1.04180453342303
0.335789109973425
-2.75294776724420
0.381449675286004
1.15062591580897
-0.273125266681320
0.685247620668779
1.21155771167061
-0.120441040263563
1.38360957074217
0.562550766245828
0.0192441125221813
-0.506078925805424
0.191100228718661
-0.931788052568243
-0.250062552949817
0.285078619748619
-3.22098591793877
-0.294481259497399
-0.0397169531386330
0.827468739662761
0.703052880560802
-1.17300061955564
0.347983405241009
-0.626740962574563
1.54298499205214
-0.886070999127024
0.756316468661357
-1.19642857905847
-1.83842083833174
1.26528057128343
-1.62080812961657
0.316493758788373
-0.942570308848723
-0.708419246748440
0.609675958118616
-0.642737899435167
-1.34895222876974
-0.721953640952625
-0.738605050712807
-0.414794155630836
-1.01351017803080
-0.512353545056325
-1.72991601280425
2.74918562981594
-0.480030840361674
0.710544744578035
-1.06117001827584
0.120868697640475
-1.66138414334122
-0.597481676707655
1.65852314351493
-1.95716831021244
-0.420364836433963
0.00338402283472700
-1.58862275715128
1.91807331008638
-0.664763891945748
0.0242188000506450
0.270167918181716
-1.66006852560671
-1.26834867590766
0.681135952229686
-0.0479556895073954
-1.70531207372322
0.604465777318520
-0.0142585537841831
0.117121271671143
0.0438962758865819
1.13539136308589
1.82212577667283
-1.73176953415259
-1.07659002958601
0.194762714427148
2.57604855093287
0.796635545229351
0.455976141511890
-0.619249487534847
0.672710373107999
1.47869257564698
1.70678972577820
-0.00474119627441122
-0.225621648169011
1.62300204306662
-0.119500939037133
0.774607039188931
0.784221247367225
-1.22445309244524
1.42207842480177
1.97090032669176
-0.371456132242892
0.925164866793937
-0.540343431496709
0.640936149931851