1
-0.00571639881152344
0.000127345026843814
0.0198068224645678
0.00917670655582853
0.0101867742633503
-0.0171683049396348
-0.00105391218106723
0.0164582444482564
-0.0173899273720929
0.0348890978915817
-0.00705041036945154
0.00832847979069257
0.00565124605190453
-0.00739441325001403
-0.00124780492639374
-0.0109270352638059
-0.00149672255837128
-0.0116246009091536
0.0190859111138989
-0.00483414399626452
-0.0103235806158622
-0.0157778521003482
-0.00151478335153751
0.00416895884151075
-0.00672223204633375
0.0139827579006435
-0.0120703017292144
0.0100197065119909
0.00455788500832236
-0.0302865974748054
0.0082985528940288
-0.000237104111008981
-0.00354588203597966
0.0131096561517793
-0.016588414614226
-0.0218230946917395
-0.0145580132173387
-0.00417226004892296
0.0165054959376379
0.00381898641002476
-0.000365161364289788
-0.00609550446408759
-0.00707401634673387
-0.00390562529109844
0.00071980642700374
0.0142999783519729
-0.00288265517220318
-0.0188981292141233
0.0254656327110437
0.0230609250325656
0.0119778463987477
-0.0181955644045241
-0.0123547825282228
0.022533471129989
0.0163660241482111
-0.012952685536103
0.00435553970802595
0.0146465919118371
0.0272162604601942
0.00503188445032085
-0.000933450101880102
0.0133263915620446
-0.0114437195639799
-0.0033762061812164
0.0169077924241481
0.00753386620172923
0.00618887597804791
-0.00335689526849716
-0.0183147056498364
0.00354661123530729
-0.000591684553702084
-0.0206904682691201
-0.00768085673692416
-0.000261330468563048
0.0138261624114458
-0.0238263286520003
-0.0081953034908786
0.0122718851885361
-0.00346763736581428
0.00804647721615431
-0.0168557999814035
0.000598435828825245
-0.00913427602107271
0.00256641236143618
-0.00492532110581578
0.0204667779609623
-0.024961652171308
0.0180776832919738
0.00675657057068455
-0.00180938617184146
0.0171716331085006
0.00521238204704101
-0.0418315337975054
0.00189123772484351
-0.000867589227601339
-0.0108109912338301
-0.0242840354365474
-0.0289722197237852
0.0184088954814506
0.00546132780508939
0.00542684592264493
0.00623472530238382
0.00875511814321909
-0.00548266295748537
0.0228527291790955
-0.000903812260095335
-0.00685667375480806
0.00122318723404159
-0.00793020865184888
0.0104135007152795
0.00970867985977926
0.00942143790086559
0.00989286414421641
-0.0107711835568144
-0.00535881043116547
-0.0254256504440183
0.00393320714703081
-0.000408791809648117
-0.00370937023044694
0.0298444884549213
0.0191774870404333
-0.00368453684037319
0.0202855687715299
0.00131588891821591
0.00545980702175675
-0.00495053594889696
-0.00906967147904259
0.0136821474477007
-0.00189860212543568
0.00642837324285005
-0.00629615957061072
0.00359932104770728
-0.0238787522552549
0.00219641280547686
0.000320012656393484
0.00855159347609776
-0.00655607355515808
0.00942285215219844
0.00078219743953119
0.0116447638535552
0.00104273283694039
-0.00812855249215194
0.000772661727718052
0.00776497128617695
0.00608482977390623
-0.00765297332088113
-0.0247147664905415
0.00109365558247083
-0.0221632657891349
0.00598479444644157
-0.00430148165138731
-0.0120380503448764
-0.0223867001492802
0.0061094106165376
1.62015754671108E-05
0.00724091119752031
-0.0189893954325868
0.00816950167283206
-0.000575018703953346
0.00648333097934624
0.00436593984952616
-0.0137695026419867
0.0175378596402631
-0.0275166073890579
-0.0162783053582484
0.0135986917205923
-0.000816938810962456
-0.00847642295720449
0.00670403747656496
0.016031399130801
0.00386188493422256
0.00256144455120338
0.00668227470877238
0.0365588509045661
-0.00847324503936035
-0.00359842490844888
-0.0126265097861134
0.000859436228956224
0.0113277669373394
0.011789249158863
-0.00805120480759751
-0.00531264400976918
-0.0200028530376942
-0.00529302083686128
0.0133823363859627
-0.00290770238973784
-0.00951518059468698
-0.00107215281071709
0.00478623379432564
0.00838359295276801
0.0224472203286332
-0.0150618038248561
0.00621728192404979
-0.0196236430235326
-0.00490418598564619
-0.0204579690192192
0.0213102019648422
0.000802815513954364
0.0127304531981322
-0.00529302582787906
0.00271052406535858
0.0084731727929451
0.00558193492606333
-0.0305177254830485
0.0262844943831865
-0.0125274185753109
0.0142719632975512
-0.00786527739761282
-0.0223732672748458
0.00551028248739868
0.000869253212791203
0.00517818440917234
0.00286640421167085
0.0015516283884092
-0.00222290492751618
-0.00351273079055946
-0.00226478805948138
-0.0173192756532803
-0.00861231903796868
-0.0030167467424182
-0.0156151049645556
-0.00496321085491821
0.00927674487340206
0.0279117996462454
0.0282833207359391
0.00167140160194413
0.00817680248280487
0.00638925635783931
-0.00941613096791153
0.023302926545239
0.00135820596170278
-0.0186288099620938
-0.000922787872585885
0.01668176777535
0.00982545185467414
-0.0280743646873568
-0.0163684055719371
-0.0291007574227781
-0.0247650438906997
0.0062463566158053
-0.000331652354536051
-0.0286570443494024
0.00354762105046124
0.00673298499915951
-0.00100841801356667
-0.0135195076221075
-0.00646823015167307
-0.00636539403008725
0.00724984752752379
-0.00479930973606379
0.02144389951797
0.0118392157759029
-0.000812220436851594
-0.0110613586930567
0.0182695656084054
0.00802287858255857
-0.0145600811342901
-0.00296666906070096
-0.00848168635152476
-0.00477015348469912
-0.00122200161612859
0.00410104255177268
-0.010519198774028
0.00490419647713262
-0.00528151759703426
-0.00594291098647228
-0.000785115279107298
-0.00912107826543732
-0.00174957409809088
-0.00921459706090696
-0.00282455317569172
-0.0166817457605967
0.0168046168556501
-0.000103965499550247
0.0100241148261726
0.0193361929694824
-0.00822458466268679
-0.00928300376137171
0.0315850886022522
0.00998787966522531
0.0206554260731143
-0.0195025081975155
0.00750823384129065
0.00186826494364706
-0.00300387807318234
-0.0117934637679962
0.00862526233830642
0.00135136823464762
0.00715658522522048
0.0261660435862085
0.0046103029174193
0.00142167610422169
0.000977823962069079
0.00537451749875671
0.0121662342820727
-0.00274802364687802
0.0125643081147496
0.0188234893580147
0.0180641840398302
0.00228519464634596
0.0151890347169411
-0.00379243305846619
-0.0140803891495139
-0.0436607265845635
-0.00374466750696615
0.0152100741519394
-0.0168301022325996
-0.023560872796677
0.0117311432170938
-0.00350024098055008
0.0264392598585839
-0.0396464138333659
0.00235987117104782
-0.000142680624228528
0.00486107654595737
-0.0200532214374653
-0.035454497531161
-0.0139091433348796
0.00122256312337892
-0.0127492136874889
-0.0166178530463961
0.00360152496270424
0.00957922260225347
-0.00669833861458914
0.0339012123910058
-0.00155840142165884
-0.0088553769754971
0.0061254685629233
0.0166907352592464
0.0119227336452239
0.00445884249766946
-0.0155169771766688
-0.0101565463358045
-0.000879545787825003
0.0115120400183938
-0.0208986620904372
-0.00898695923422873
-0.00484655749819935
0.000433341003536716
0.00571988841318789
0.0250682595981161
0.012300602926226
-0.00693388256931557
0.00171501323751706
-0.00255333453293685
0.0364877088573155
-0.00756810313574667
-0.0040248601580369
-0.00424261990625192
0.0172387239772524
0.0399812250588875
-0.00856402084365745
0.0167094642806387
0.00269504173884227
0.00319831389859358
0.00233389849988028
0.00785156770186694
-0.00128092421532294
-0.0130506947882056
-0.00592943616910918
0.000839329849751882
-0.0128486520322661
0.00392165145295619
-0.0097865858784166
0.0201298374709984
-0.0158143197831654
-0.0119972311289656
0.00861665142755802
0.0130632961289907
0.00284976497442541
-0.0204419508008269
-0.0264380228858412
0.00319315439413439
-0.0226325177993703
-0.0242876261845389
-0.0372706375002999
-0.0174367471487149
0.00294684959317248
-0.00169973362507914
0.00036002343525002
-0.0105508646706566
-0.00465853042581556
-0.013924444265327
0.0101609916042166
0.0197317550350911
-0.0181761281741339
-0.0223826338472107
-6.13870705552929E-05
0.00994555922330965
-0.00534678853376717
-0.00108578765085896
0.00514839695974898
-0.00234102472706325
-0.0052622178531076
-0.00676405735000893
-0.00228409225827187
0.015741237800578
-0.0167778499160888
0.00981294341184444
0.0162522826027435
0.0140731486268302
0.0427344313370832
0.00294970156847537
-0.023384707854907
-0.016746827285399
-0.0240739864361143
-0.0153430832122698
-0.0082804302759977
-0.00351355139947341
0.024695700776571
0.00134372271412633
0.0135760837077518
-0.0235352026752133
0.00640136214207283
0.0340042191398814
0.000402818518140116
-0.00796826212929162
0.00108983057752967
0.0232688057913134
-0.0297344302023148
0.0218815340896601
0.0173794835711996
-0.00443275078234043
-0.00175904654596647
-0.00492934078202204
-0.013436244882192
-0.000582836371740362
0.00907850431264689
-0.00757981393427469
-0.00235545336305613
-0.0257630647230433
0.0146124649289655
-0.018785111576653
0.0147275650326333
-0.0266735951844746
0.00777954395607981
-0.0149817846386453
-0.0167026145110921
-0.0130624578408988
-0.0123556035739788
0.00470059627840828
-0.0142524312887814
0.0190919436210371
-0.0045657132203712
-0.000306048054196809
-0.000396059162049215
0.0136231258790381
-0.00911758878868622
-0.00553746068937784
0.0186237329936715
0.0112027953899664
0.0056108871677501
0.0177783335318361
-0.0267341724215422
0.0073285701000075
-0.0121223010510313
-0.00680504034350701
-0.00535048616435445
0.00151353178879859
0.0193231732171728
0.00779332750094211
-0.0139293012751422
-0.0263346302508979
0.00273966486337781
0.00103920880562855
-0.00877596190980153
-0.0201735711790781
0.00869288325174531
0.0140383939037042
0.0030978309635427
-0.00522554990907188
0.00763914414960152
-0.00820511816592032
0.000611898911349655
0.0028002712798076
-0.0169868395468083
0.00232193574835206
-0.0235019635735053
0.0184597928823387
-0.0174864136926542
0.0130477075031746
-0.0136553063449698
0.00708060815464312
-0.00852602140332778
0.0129087371097562
-0.0159844069283
-0.0198146806003159
0.0100719543515538
0.0208868709062951
-0.0194209039552568
0.00150801362103532
-0.00478512311705217
-0.0242472582075665
-0.010642807962325
0.00299735579887098
0.0282131755071424
-0.00978724367583029
-0.0189133615856664
-0.00306332854939982
-0.0134614032681122
0.00989710018820244
-0.014858592704694
0.0026026233989012
0.0116433895057854
-0.00388646168169758
0.0126231371467391
0.0125129578993408
-0.0232437748858417
-0.00156422536698353
0.00620641076295269
-0.0459753964185376
0.0053518897107592
-0.0133413410745762
-0.00557945776018666
-0.0217924839084107
-0.0225252434366377
-0.00429957859851088
-0.00353085176683657
-0.0172313741002209
0.00791644627481753
-0.0314027063091864
-0.00415176478160597
-0.00176673292354826
0.0137455146283376
0.00186425443893906
-0.0151435556248875
-0.00380653763752778
0.0223149673243435
0.00519978632549882
0.0156008403393284
0.000429296664470811
0.00162881776316236
-0.0293293483195048
-0.0179624082071984
0.0249130110341256
-0.0205656342723904
-0.019556566527216
-0.0143907819785779
0.0184435812689971
0.00201018652109402
-0.0158573026911729
-0.0162550899168236
-0.00832977732775837
0.0075345356267117
-0.0104451801770717
-0.00591913663860365
-0.00285930595352033
-0.0216328852703713
0.00457460075347262
-0.0158470297288306
0.00758747914573473
0.0126428670303326
0.0103539857354263
-0.0110594946548316
0.00594418636253849
-0.00912587148413983
-0.0209445040193462
0.0103292435986425
0.0051396157843489
0.00885181700188447
-0.0199150518639894
0.0131926816663631
-0.0193482618596077
-0.0043837359210481
-0.0226825514564952
-0.00287133911620407
-0.0331996668948543
-0.0100716029225988
0.0115451686827587
0.00489458727321927
0.00427301089169431
0.00383661602676214
0.0331800005408203
0.0295493889589342
-0.00927474106066919
-0.00346572006355631
-0.0155761476944182
-0.0278846319170311
-0.00116351029101227
0.0101561115819197
0.00839281213987127
-6.00453510706938E-05
-0.0118955038509279
0.0183558665639356
0.00233380430065291
0.0113567206786959
-0.00338713910567409
0.00354293460651285
-0.0217337391268818
-0.0144534489048039
-0.0121106266307917
-0.00267172360870152
0.00266301606639224
-0.00275471772722292
0.0122307593337009
-0.020840327993819
-0.00249246491735886
0.00537221026359096
-0.00717240629415107
0.0247294174701499
0.0188731139432307
0.0189036999507051
-0.00107779155769455
-0.0226535384446217
-0.016133251302916
0.0111433149066735
0.000983634005502504
0.0145228455248775
-0.011592340392539
-0.00432106046710267
0.00911213147216402
-0.0186667534180629
0.0205177879855828
-0.00392725033917052
-0.00165017226013639
0.00999219060231744
-0.00833744399139119
-0.000677431404128092
0.0149311153036557
0.0130800268976141
0.00761537759465299
-0.0208650859227994
0.00896727000178663
0.0068025532605111
0.00743384827033834
0.00869527773563589
0.00872147045648107
-0.0199413002203042
0.00493461714334808
-0.0123191915907883
-0.00108388545854187
-0.00423055512773425
0.000736517190635549
0.0188736647995128
0.00748291381425302
-0.0127606628193168
-0.0073331503873624
-0.0133574866733462
0.0123837110801904
0.00459001932848668
0.0239822158868722
-0.03301793404135
-0.0201434193312239
0.0249162963817869
0.00373936679301704
-0.0119640827361185
-0.00309966696467432
0.0298714279774149
0.00783517280724822
0.00400141432413948
-0.00586774797719876
0.00312864466615627
0.00781956624664378
0.0171737152470455
-0.00671070997975449
-0.038025237445034
0.016437372116831
0.000492867821118427
-0.0152785076862557
0.0163943854275427
-0.00337173087107772
-0.033923895657266
0.0081693355925935
-0.0110840548128231
0.0032455974432158
-0.0111330050179862
0.0243364559530733
-0.00139092326426407
-0.0136450178626209
-0.0195339376599974
-0.00165934148089371
-0.000916068214630615
-0.0021681032246056
-0.011286884938229
0.0246768890006549
0.00826420929054052
0.000407018554083256
-0.00775107053518988
0.00939657700293551
0.000570865491009884
-0.0157018968362766
-0.00592416261699877
-0.0204872823815343
-0.000224051755367684
-0.0132457043938616
0.0186337103378977
-0.0201990983536123
0.00876253209332671
-0.0194250613119664
-0.00604647319673382
0.02050370323902
0.0227123947648257
0.00212862810553645
0.00843279914611314
0.0119212462803559
0.000140632055132059
-0.0167579126527209
0.0126297025410029
0.0307543837440541
0.000517445145845221
-0.00673748625997419
0.00831605455870965
0.0170458441757179
-0.0259765916585671
-0.00802990167018311
-0.00566089574518411
-0.00352011081992086
-0.000839296866946225
0.00120719004271334
-0.0242736096965045
0.00291185267189547
0.0174525483591618
0.0154357246792274
0.0153896630864645
-0.0143093084681763
-0.0047752890149315
-0.0231911560604165
0.00228801096717353
-0.00074193511065039
-0.00940818685701918
-0.00591386446833275
0.00597908385080768
0.00452147039999688
-0.0137423420115387
0.00764295427635211
0.0186530655326225
-0.0198921131341623
0.00797809276624928
0.00452998143610019
0.0182850428759777
0.0274315881883188
-0.00607418388111434
0.0211471068588792
0.00739093424006707
-0.00230392362509006
-0.00549163874728344
-0.0314205035586803
0.003751763159779
-0.0268100522637796
0.00235777993041716
-0.0127703034232873
0.0193425779062559
0.0156871321953913
-0.0154534767945657
0.000496314742343657
0.00142793680895456
-0.00605788683861531
-0.00491901859247833
0.0145358140494416
0.00813849778315622
-0.00323592084557321
0.0161659280768721
-0.0038788217277509
-0.0010585194327552
0.0163036877222508
-0.0152619350415507
-0.0012881789921126
0.0186098538088865
0.00972272995822431
0.00780602144689561
0.00627251051414069
0.00226059393608059
-0.0235500653706043
-0.0291432936025253
0.00788238133683876
-0.00292822603019984
0.00314866985913679
-0.035954455242834
0.0012667472024739
-0.0143550957127902
0.0178364139271784
0.0148283935189923
-0.00536894785436191
-0.00204466089433469
0.00613928123065733
-0.00937695083469221
0.0116993579744015
-0.0217327519103772
0.0299995279702958
0.0204065892836224
-0.0176066808067153
0.00577226595420013
-0.00431204824821046
0.00205651915178025
0.0104384861142575
-0.0206442495255016
-0.00889858022106314
0.018150312065857
-0.00764746229965956
0.0034314235419887
-0.00582290918643722
-0.0177966801481774
0.0108239892167152
0.0229239834486076
0.0237981108675522
-0.0129867126218932
0.0167229038471064
0.0162844473946424
0.019348041497549
0.00280487011399058
-0.0180275817050719
-0.024499921870322
0.0132185648500939
0.0184284618228382
0.0118878450311673
-0.0130751811260837
0.0152361684363256
0.0122563468307121
-0.0193930272941077
0.00259594472702602
0.0266154944781613
-0.00915610716416473
-0.0018988375538161
0.0223615155886818
-0.0202449118580654
0.0177171438173885
-0.0138867745746004
0.0171400771418449
0.0002839105471801
0.022120046337656
0.0159263763908008
-0.0192878677290183
0.00569985756274631
-0.00177594206525354
-0.00801644412632307
0.0217138042340794
-0.0114638218056855
-0.0259382691822609
0.0104241108283747
0.0371188146556526
0.000484406539261313
0.0024769653041149
0.00430269341096944
0.0236485164388275
0.0100475562238148
-0.00803829493006952
0.0153325017363637
0.00409012840974457
-0.00699955615097571
-0.0272452674052525
-0.02022781783586
-0.00787345558812184
-0.0144961049224039
0.00032399810339471
-0.0134573394261894
0.00830209963535664
-0.00854936339275306
-0.0204952363555914
0.00695496278006463
-0.0212768852017064
-0.000352631830817509
-0.0130829419505559
0.0154212770294765
-0.00138371745002519
0.00109071420679486
-0.00971589036603216
-0.0186781623650807
-0.00185549566191332
-0.0262003436825263
-0.00492072709496224
0.0240106550889476
0.00677386177132136
-0.0317874997523239
-0.00581617517919419
0.0145911645025048
-0.00621944699730413
-0.0268003471220028
0.00425182390125028
-0.00408497727278956
0.0208464486888047
0.0107698948615354
0.0063653963028985
-0.00144825569444373
0.0137620554057288
0.00471596784325687
-0.011028244337558
-0.0207351588859481
-0.012561176378979
-0.00333476994103011
-0.00191038425399762
0.0118413573599953
-0.0109621273334674
0.0010877086303639
0.0110086355652887
0.0171038098711819
-0.0291060864329297
-0.0167889899909178
-0.027802568340125
-0.0122592508189781
-0.011280524263675
-0.0132279239210538
-0.00723847430687086
-0.00448978173107605
0.010175717255424
-0.000811931855180643
0.00635520832079267
0.00568689828513977
0.0216732335721041
0.00483169538542021
0.0191188631249812
-0.0115279773338108
0.00360469080734132
0.0154701954139821
0.0177344090370313
0.00481148810450979
-0.0207337302546219
0.0189404197858012
0.0193456166530188
0.008005894453952
0.013816468706946
0.00698535135942215
0.00921632604660033
0.00423007241784395
0.00440890638537702
0.0349083085247004
-0.0129295481389071
0.0150326387531809
6.25796611473016E-05
0.0141649169970018
-0.0008310178876741
0.0145522115359945
0.00875032051906377
-0.0218106105824101
0.0206938717225013
-0.00846796990976175
0.00101922744666898
-0.00696870972626149
-0.0144310201261511
-0.000557001431184171
0.00178714311193545
-0.0106806288442356
0.00273146942366773
0.000580991664253213
-0.00840298829818924
0.00147002114566615
-0.0180278177886561
-0.000223358410002122
-0.0061942858690907
-0.00273827489113302
0.0269319258073479
0.00500739016935308
0.00315756883363028
-0.0200943638267616
-0.0145148266715268
-0.0399644441901822
0.0112021405717821
0.0154763016719121
-0.0112221527244942
0.0118871856990126
-0.00709144323138374
-0.00841180138831048
0.00805835466646313
-0.00795233985488436
0.0268987524677383
0.00538357741026676
0.00723535226602143
-0.00135237344964138
-0.0168946416966114
0.0108069350006234
-0.0208039758954834
-0.00136984672174529
0.0126850221680891
-0.0039562749828418
-0.00741836808166592
-0.00897785841914223
-0.00558645332673617
-0.00441098055535095
-0.0235831673101231
-0.0105499689125281
-0.0275369344187243
-0.0103896633678743
-0.011615725334532
0.0105595034686641
0.00940586434813558
0.00828261886336822
0.00482448119017455
-0.0206855794624059
0.0242026045380699
-0.00774800668207414
-0.00181162416245564
-0.00945969917324559
-0.00854667336244174
0.0025859475299571
0.00538432263147606
0.0270808758905261
0.0131588358847032
-0.00424082784129402
0.00518558971365261
-0.00247279463100053
-0.00662858138192701
-0.00707445825663689
-0.00176474866355591
-0.027548552417949
-0.0268678831442918
0.0397342091482303
-0.00505314660181046
-0.00416678267523446
0.00384288057567184
0.00397784451210595
-0.0193155141176228
0.000586416237487365
0.0322629158815228
0.019252575816441
0.0112132591748633
0.0214899698994059
-0.00346310732450024
-0.0086385515502157
-0.00313239991120148
-0.000473554353644741
-0.0355633315194572
-0.00397998658974302
-0.00804502925309138
0.0060255297633466
0.00231098753078881
-0.00957229495017785
0.00282416037852239
-0.00891949781056462
0.00263827158423864
0.00820317961082896
-0.0154907581362599
0.00756421522332399
0.0127826122145166
-0.00678043057539507
-0.00141384001329817
0.00256450272600026
0.00242555403642391
-0.0185644583368121
0.00481760425715556
-0.0251252921615142
0.00207548671767409
-0.00116266015882054
-0.00157924829912908
-0.0134704635004804
-0.00078581592593808
0.000482937032309201
-0.0207833335972617
0.00393537674089434
-0.00873524596406245
-0.0118593646690085
-0.0136131644510116
0.0348236417463458
0.02327718709998
0.0166919403291596
0.00566377260968252
0.0275786674495467
0.0177576533352289
0.00334367168949147
-0.00279078541338761
-0.000915257985096919
-0.00373523867958909
0.00516660834568872
0.00598885416514117
0.0108893941430361
-0.00160968184734451
-0.0224607468142344
0.00232449681609879
0.00717752328954227
-0.00470350934483247
0.014519904395296
-0.0130767932939536
0.0322422775979693
-0.0167208919780598
-0.0268394807985804
-0.00114624820451325
0.0134537242093191
0.00473067697346156
0.00431068292602429
-0.00830701911887577
0.025925654092926
0.0115518788148787
-0.005882001747003
-0.0087569853355687
-0.00996150191508812
-0.0267732679697926
0.019808518464699
0.0142944521278088
0.0105692838048354
0.00323654110755322
-0.0226055580958929
0.00199116051727458
-0.0018628744073797
-0.0104028581577839
0.00517339485743355
-0.00396294387086575
0.00217222941842053
-0.00688182018458119
-0.0107300319151741
0.00393843711063717
-0.0203053008350715
0.0101780115801268
0.0181997562854478
0.00572310073716794
-0.0053441875772307
-0.00665734253125691
0.00360311807205876
0.0222799786040794
0.00840496783610064
-0.00760410837950578
0.00332905445333656
0.0119135682338881
-0.00465121477277706
-0.0327934048746134
0.0145332437696672
0.000872763349838934
0.0234181203009801
-0.0220254034743418
0.00461360033842162
-0.0052583169182897
0.0105337463032338
0.0207109094424467
-0.0340658093900201
-0.0244106388588858
0.0168414846619582
-0.0266059337393074
-0.0218836745848217
0.00902760893330171
-0.0156680252841865
0.000510308058338209
-0.0157341929186915
0.0238085756383671
-0.0166798237180944
0.0169886435601142
0.0345117022148383
0.0157267771436164
0.0085140883932032
-0.00221574813089816
0.00171005516830491
0.0254325767407767
-0.00139431191294075
-0.00284427037783616
0.0049342278860679
-0.0213821024498199
0.00953686467470614
0.00188614024888693
0.00405233319670819
9.86171882606496E-05
-0.0028205455354391
-0.0324976998290336
-0.00183989471177424
-0.0118866131074275
-0.0111600879956362
-0.0176205345624959
0.00232130275375924
0.0102964096629755
0.0185459285787254
-0.00145184487497533
-0.0108561176082678
-0.0015858275298075
0.00658785804140215
-0.00163671621005673
-0.00846484418403833
0.00570830005511842
-0.0170697581363619
0.0148893232007996
-0.00346696290074853
-0.00741714872106094
0.00914146886162301
0.0103577956033241
0.01287867079584
0.00122036881690594
0.00685210094100018
0.0156259566840401
-0.018850299805228
0.0103565622235618
-0.0389665171122604
-0.0219710988463198
0.024998917169302
-0.0146269842437154
0.0107843191392261
0.00645785139852882
0.00375974171554408
0.00256150798138741
0.00748024431882092
0.0136771921966861
0.00556755020944734
0.0204764405730059
0.0116434804124889
0.0076006268163581
0.000530711337221392
0.000797528719423786
0.0127796683411953
0.00194625694812153
0.0184017975436577
-0.012190379470747
-0.0146460122546956
0.00785822444195994
0.00244365894579674
0.0205347770269778
-0.0142163007646527
-0.0109794027719761
0.000949742479992999
-0.0115142019358229
0.0116193810797484
0.00366426763097278
0.0206789111070878
-0.00922500899388878
0.00308161841085981
0.00404575191965634
0.00214413992230837
-0.00494098998567948
-0.0151542312962199
-0.0103998352680588
0.0141039459457713
-0.0162811648969058
-0.00578810541119966
-0.00297274897448022
-0.000894305167465997
-0.0108124727532342
-0.0018761796344214
0.00711510287405529
0.00222086433095283
0.00203943640950743
-0.0257362434429928
0.00304577629068924
-0.00575446267708229
-0.0180260735722801
-0.0101466220768638
-0.00116081859528372
-0.00201254917901523
-0.00269287497944737
-0.00589198666851405
0.0114801331784155
-0.0175937699329364
-0.0323454212862752
-0.017413805063154
0.0297197195326269
0.0203088504018015
-0.00085697907759629
0.000977602595325547
0.0124393816319082
-0.00724751700560995
0.00937869763485035
-0.0065430475897264
-0.0131062041105228
0.0140614652882002
-0.00275707725352779
0.00788574140376684
-0.00397792747901106
-0.00223983156935842
-0.00205371100962213
-0.0135661777254386
-0.0225262818116719
-0.0168170704882035
-0.0134764266093934
0.00300252038816264
0.0163160888521027
-0.0210831436104225
0.0267277420253662
-0.000736110363222947
-0.00796393724381657
-0.020532514829489
-0.00729535505450402
-0.00432843041358198
0.0157423620576546
0.0226894832325327
-0.0154992899598899
-0.0150264064844926
0.0335950600168118
-0.00595503004754723
-0.003438476240634
-0.00628126302835681
-0.0134380388146929
0.00189604712450102
0.00184583129268836
0.0027965239399854
-0.00566175292781086
-0.0160686005523331
0.0162314002356027
-0.00504212163726297
-0.0246953887108397
-0.0183000000430384
0.0329264710508531
-0.00249449325021083
-0.00440674319104639
-0.0217170870696942
0.00103338079279919
-0.00273484234307751
0.00212314564040155
0.00169104198876617
-0.00436314442158817
-0.0264606405287482
-0.017119608922321
0.00516332878822162
-0.0264041075618407
-0.0193826860345316
0.00929777747368778
0.00186691484666001
-0.0181993102577404
0.0232493983295349
-0.00342550094392958
-0.0313686571147854
0.0210413405104307
0.00507397144399481
0.012192990554076
0.0189998747023115
-0.00842290974421037
0.0130022741982325
0.0254193272322468
0.0123245365096261
0.0074619472774317
-0.0131926033374402
0.0326146432951249
-0.0141800337020155
0.00884944405036604
0.0112093333369958
-0.0231508504042695
0.000699131461115408
-0.0168444211556406
-0.00745509119679684
0.00250208723926863
-0.00601679932661089
0.0222305464143203
-0.0188366816315819
0.0248450580519259
0.0133235848757837
-0.0134370213388737
0.030713207108199
0.00672644870561351
0.00792253483391887
0.0214954914076948
-0.0133484664054829
-0.00571531292395997
-0.0127805099332309
0.0122483421375306
-0.0077536236206491
0.0162363042635265
0.00604210898409128
-0.0127937912905143
0.00973138632745205
-0.00121103240138328
-0.00347437357710816
0.0195203283291131
0.00077333150234779
0.00557145175964354
-0.0166550318360295
0.00570873379700489
-0.0122241238650853
-0.0103261693438901
-0.0345145880935893
0.00155712601702295
-0.00655287765217026
0.00313138032888128
0.0180140600746417
0.00809534515553623
-0.012281323307595
0.0128105544210242
0.0080970426334773
0.0185594526178753
0.00750906012738375
-0.00780667247195858
0.0151121837687128
-0.0179047398276352
-0.00155026210057518
0.018010534641291
-0.0256036508305102
0.0135352347891716
0.0206315290300443
0.0127799309887445
-0.00371602454682928
-0.0107093022998151
-0.0164534632491432
0.0131994042605292
-0.0167440153924455
-0.00965953960535725
-0.00910980130328957
0.00445419978148275
0.0100219228342385
0.019319681361432
-0.00286988265516502
-0.0123509548317441
0.0060071174747841
0.000470192436119331
-0.0122171847572663
0.0264210263596978
-0.00281085597815365
-0.00785861218428256
-0.00844667710010824
4.8957335214089E-05
-0.0159312483655215
-0.0108288891685096
0.00415955967095663
0.00451720717316091
0.00499946167525954
-0.00706746278888368
0.000422559645694655
0.00711356466394954
-0.00191279672130966
0.0103878924058395
-0.00997842567006143
0.0151377952505343
0.0210933381771967
-0.0229389518266037
0.0166160857854005
-0.00475280233266408
-0.0154473889961951
0.0107145713816815
0.0135802021334425
0.0117658088811389
0.0101274499886161
0.0323806440103416
0.000172716024266889
-0.0208352058880883
0.015631943934288
-0.00537157909385472
0.00621450104663068
0.0104266024976175
0.00302244679334504
0.00110977714943768
-0.00618281568658486
0.0186973121560827
-0.0174097761306181
-0.0155245706499719
-0.0100722466311112
-0.0132359828791514
-0.00915118228443706
-0.0148102883182752
0.00151113355347021
0.0114858228325272
0.00994148379594385
0.000289379677960275
-0.00743702398452182
0.00154483553262501
0.00701267084946851
0.0246812841417833
-0.00728465416257477
-0.0102858939720454
-0.00207608453749399
0.0049522061281271
0.0239210638239415
-0.0110799299482345
-0.000980310019850767
0.0173586325959997
-0.00408963324365045
0.0138553467370846
-0.0205171217025503
-0.0111561654664821
0.00591928922741329
7.66773446385324E-05
-0.0114763906844788
-0.0173313012688144
-0.0190319671962583
0.00807670464154013
0.00333730875077517
0.00169653331177958
0.0128063620316306
0.011494220499981
-0.00877292188988202
0.0121207423212189
-0.00601571787050945
0.00550148174699754
-0.0105419001669239
0.011385670159523
-0.000939970175409307
-0.0154180512407686
0.00101873453782436
-0.00733933489109454
-0.000220394028080192
0.016688177218471
-0.0264261857671621
0.0162866479674427
-0.0129957362102139
0.000834088590414155
-0.00850347654208651
0.00710877252270661
-0.00649312888753377
-0.0164909105111318
0.0107807772139118
0.00724327974510946
0.00467579906236627
0.00909440552339135
0.0152797270787177
-0.0013488076089142
0.011740760950719
-0.0113370007818828
-0.00762443242127069
-0.00431234023154168
-0.00850104227558555
0.0211576164345758
0.0177093557889712
0.000822038764143471
-0.0102782417336743
-0.00491537757163498
0.019271809061274
-0.000767995060562533
0.0141690248178162
0.0115487347723453
0.00335416649007967
0.0122967661496549
-0.00726172234129015
0.0366342405907933
0.00815328748859417
0.00881087539444499
-0.00525168315086811
-0.0260394777096348
-0.0035098952791222
-0.0110648459508427
-0.000100366737279544
-0.0275193603167513
-0.00539303931985183
-0.023564803858278
-0.0184864473163935
0.0180814206433698
0.00107043656987436
-0.0160376485936201
-0.0172761480419928
0.0274282774133483
-0.00438037272189166
-0.00309085741464162
0.0142152103507804
0.00938879432922812
0.00203488314213826
0.00105558492804741
-0.0100952010958755
0.00193794357245429
-0.0161300145027538
-0.0118147545757732
0.00498232464815349
-0.0103901427560887
0.0369849473892613
0.00944878407478122
0.0125662210500796
0.0148818398524087
0.0145119672223667
-0.00243873489086798
0.00229545979407183
-0.0062745529235405
0.021257118835198
0.0118294065367989
0.00968215799902995
0.000123173537961219
-0.0105937002749307
0.0027005541826063
0.00597414797829549
-0.00833598533572877
-0.00707506227554794
0.00665586930276824
0.00363550702799381
-0.0152606558546931
-0.00582118238578047
0.000448025271747478
9.91627699752325E-05
0.0177350920142325
-0.00889642522038333
-0.00267738992591656
-0.00364422487092426
-0.00553480295083392
-0.0143186329736819
0.0255010168762705
-0.00840642188298109
-0.00532417752374007
-0.00740463249133757
0.0205840611248144
-0.00997651957642932
0.00767670918187469
0.000461362235884393
0.00289164596834021
-0.00187435338829586
-0.028166474172108
-0.0177897792551287
0.0118503019741103
0.0167544083656876
-0.019577845563007
-0.0307172399206956
-0.0159015075974838
-0.0133841257018392
-0.0156683532060897
-0.00136406991663391
-3.21186726875694E-05
0.00363765031850057
0.00464750143472366
0.00444637744219371
-0.0061954962544071
0.0256603282563546
0.00474092596062998
-0.0122833311905059
0.00283987862813854
0.00466700989222548
0.00299117382876528
0.00550360988041407
-0.00974147535691064
0.0134793269532789
-0.0243081819756058
-0.00303673521546375
0.00343226137071453
0.00484359025947538
-0.00125141526468095
-0.00117867274271714
0.0154296126392655
-0.0191929955110263
-0.00832543273902136
-0.0135746696821451
-0.0026651518965759
-0.00830314222778898
0.00693852474815373
0.0240214209526807
0.023186122424757
0.0261269306933134
0.0174337308802154
0.00969237016279089
-0.00812181121826474
0.0124593772529006
-0.00309453087848646
0.00938155869727408
-0.00255506565123242
0.0089209738595971
0.00144771503760703
-0.0200866911038198
-0.012910751086673
0.0128571273675784
0.00926358208120988
-0.00871347285385763
-0.00732865166369613
-0.00469726413201171
0.0182906484173024
0.00524260761566847
-0.0123649084410935
-0.00373122290027662
-0.0155673303946744
-0.00217482964435264
0.0131341967602873
-0.0255402473848035
-0.0122490399761738
0.00107750639629023
-0.00774393038065641
0.00630728827794846
-0.00870359340648286
0.0096722401887762
-0.00925905843664279
0.0131609160397162
0.00570647114392657
-0.0142284075015712
-0.0189713607133548
0.00106739141922944
-0.008356634408956
-0.0223826265089652
-0.033220382187849
-0.0179477135609538
0.00199889879181712
-0.00814398952086941
-0.00734998129765049
-0.00745840476740406
-0.00230164127603679
0.020778587683865
-0.0065802784735063
0.0118969627780023
0.00202889177616397
-0.0130475412083524
-0.0104874943078313
0.0191847601893268
-0.0131897075976183
0.0264775203481136
-0.0155981988370817
-0.0100337960383749
-0.0136246966302901
0.00168571254337769
0.00349817438823545
0.0219927922764396
0.00614257401536449
-0.0131173956380503
0.0153701903965127
-0.0154235250493464
-0.00500954449137386
0.0161315180475647
0.0110949297742238
-0.00416484795691531
-0.042180534919434
0.00874006332841014
-0.00150974012353952
0.0302501611541027
-0.00680856145021473
-0.0206328369401244
0.0286497341457776
-0.00420097034067415
-0.0115742194238015
0.00107788525408057
0.00890728566158328
0.031977985305017
-0.0130780316365104
0.0157662789961018
0.00631097265694897
-0.0341305661062625
0.019642138575655
0.0101363167186746
-0.00417663874602504
0.00050611942101767
-0.00642462075047475
-0.00586517896762783
0.00990636068944349
-0.00941656676352317
-0.0115022347136931
-0.0103819276636701
-0.0168427456547671
-0.0296024446094967
-0.0181230051395208
0.0119064698661813
-0.00286305500387658
0.0203471788622604
0.0345419322532601
-0.0167652455241682
-0.0102374368051463
-0.0102282727499579
-0.0257186011447805
-0.00143472480442003
0.0189547775053527
0.0043245816270081
0.00318026570685255
0.0151731583510458
0.0172039009744513
0.0158060409353007
-0.0205084743719044
0.00135031931308308
-0.0222731940747945
-0.00381166576152535
0.030837716397735
0.00413371758904362
0.0147777381102189
0.0197147297874661
0.00423590504103272
0.0055695660891595
-0.0140386300053593
0.000625270170147941
0.0101724398691184
-0.030279321360893
-0.00812165789579275
-0.00443988270610072
0.00605939167945285
-0.0069115687123736
-0.0130723931049194
0.0217567917406413
-0.0130475462517472
0.0039012335413524
-0.00255383942223194
-0.0103934563876836
0.0235984674950503
0.0136626503688385
-0.0156573943068842
0.003965077715992
-0.00838883059404017
-0.00327547099857381
0.0251459624136085
0.011225575202095
0.00152688584373084
0.0158419581701226
0.00983364123812805
0.0124158598649788
0.00937511610799195
0.0098977459905666
-0.0111712869797431
-0.0100305234960254
0.000654285606687554
0.00812433471151378
-0.0229055700860692
0.0176802935511478
0.021629121014766
-0.00833365374416065
-0.0211376293916006
0.0306502383245277
-0.00904536296673575
0.00283826630327583
-0.0144931262889712
0.0121386396335668
-0.0143484477978054
0.0230884232686966
0.0108236657518834
-0.011413250973431
-0.00942976988684406
-0.000116303488167446
0.00901072903148464
-0.0196034286505564
0.022132593934219
0.00884703221226547
-0.00799371710793286
0.00847563679019067
-0.0120479943479163
0.01069697748711
0.0242175107150327
0.0164790673106826
0.00626341183054909
-0.00629318507738882
-0.0039312591122358
-0.0105734706094156
-0.016736665594108
0.0308743277046787
-0.0156488482651605
0.00623729423452451
0.00488851861507686
0.0185247659878941
0.00597055353720909
0.00443447048428987
-0.00861651115153476
-0.00102285123541292
0.00170178901198737
-0.00351138710119451
0.00743946978967382
0.0138066389112184
0.00300151339785935
-0.00485513351616138
-0.0198687084608551
-0.0136888257554344
0.0124728641037564
0.00188139699697137
0.000299472547463453
0.0246427548841425
-0.00100649421290161
-0.0271440519650354
0.00128432254842862
-0.0296184096033804
0.0308294469534702
0.00716509967957263
-0.0197033389868987
0.0330422763781066
0.0113460221377918
-0.0100968445238409
7.88978947242575E-05
-0.00108373826735873
-0.00148212751151344
0.0227043319007633
0.0157658704427394
0.015817337722099
-0.0122458279640325
0.0108998655386986
0.00805421530841447
0.00184433753736649
-0.00376114103470624
0.0201183123326693
0.00960219006884635
-0.0126626616352088
-0.0283870500507686
0.00423994238522019
0.00732709598443683
0.00373767095000653
0.0120242148207284
-0.0310773180001389
-0.00625738255402582
-0.0212716392802078
0.0105303167059788
-0.00835519161393558
-0.0100952029203553
-0.0170362337598101
-0.0163552683069309
0.0128949337958761
-0.00105801511876165
-0.00353570272832063
-0.0183798346670187
-0.00294932344886489
0.015536024063799
0.000173694149547763
-0.0183149586319195
0.0236660936304452
0.0241639515034029
0.00450783717153723
0.01446500945706
-0.00491518103184412
-0.00785047866994427
-0.00459862881668095
0.000307485361838221
-0.0107682440877265
-0.00774213695598803
0.00820038981101005
0.0121232827920612
-0.0034510520573041
-0.00930970217631414
0.0140636488195882
0.00807744167595358
0.0154947513794895
-0.00172424785539705
-0.0379282823562667
0.00686804292756387
0.000936712964448609
0.0180438912325519
0.00211511121791955
0.0160968311577371
0.00906271297206346
0.0205135509590581
0.0191306808944629
0.0238637952315134
0.00174524815607705
0.000969132934215413
-0.00138310756797048
0.00497497338148078
-0.00275950587196115
0.00600195615847602
-0.0210847959325243
-0.0157996162445757
0.0199185593207573
0.00559318122363229
0.0114339515327951
-0.00154454565528369
0.00741264627045837
-0.0125544505568262
-0.00521235781152621
0.00182850671426848
-0.00464100945528646
0.000491310395527346
0.00499841826551168
-0.0109853568007564
0.0171531178479647
-0.00922014816134782
0.00895110823395551
0.00154501190532112
-0.036959509552785
0.0209114627121989
0.0243942609937161
-0.0114712879233041
0.0164774502679312
-0.017279928711035
-0.00505571141304901
-0.0316225371046763
-0.0110173365522987
0.00904844818282969
-0.00867499349033093
-0.0138018276708815
0.00278084816985033
-0.00935275333673252
-0.00735909253261639
-0.00703629060484022
-0.00706558041503315
-0.0208759226283122
-0.00920083677159953
0.0175577743118675
-0.00697402041715698
-0.00509906958947074
-0.00797417419856866
0.0100154926828725
0.013126396719274
-0.00207693047378272
-0.00038442855831272
-0.00150010781701135
0.00293331311749622
0.0144007292442238
0.00523498362009318
-0.0204218296201186
0.0118946487858317
-0.00255840254022423
0.00362710485350173
-0.0187137974247687
0.00790337159993316
0.0175678864055994
0.0245528841414438
0.0244540474127956
-0.0111494234878487
-0.0120570684228036
0.0157722130034078
-0.0166993528738255
-0.0164488127683388
-0.0170471064927775
-0.0128761457778425
0.00827604755099148
0.0188980102028856
0.00442622214361194
0.0029269806023269
0.0441541908256212
-0.0120135149619638
0.0227422925670389
-0.00170593730672106
0.0105510716083107
-0.0119520901093743
-0.00884429834340094
0.00290843202886516
0.00454037149726181
0.00275217892112929
0.00495365973631151
-0.0175153673026829
0.0209788509974902
0.00675868220162621
-0.00165517462213534
0.00998108040345996
-0.00448209057310135
0.0278855749407291
0.0283893816449168
0.0119323510395625
-0.0209071983884422
-0.0138920310157771
0.0229020175918137
0.0141153865708744
-0.0158103089620612
0.0199617910820443
-0.00805191476976965
-0.0238054761601731
0.015893261079931
-0.0109717561258598
-0.00373254265926635
0.00501918401183305
-0.0120284822799
0.00409481051642956
-0.0107659300658254
-0.00785777504986688
0.0170169258732352
0.000828744101045656
-0.0105944297661226
0.0263019111935579
0.00467723539678151
0.0212690826989451
-0.000555080698942045
0.0172607903060253
-0.00829749716523144
0.0159598529685563
0.0150107147535768
-0.0032318756931387
0.0184470537003066
0.0263669679213766
0.000321621227675735
0.000379742366713782
0.00164315324529995
0.00974503703837922
0.00746814116705633
0.0186963975565734
0.00427164479238412
-0.0101613148410615
0.0119303191123751
-0.0124453091287688
-0.0443509527036524
-0.0059326868141767
-0.00980379795278962
0.00779761638180051
-0.0216925266944716
-0.00333203039217362
-0.00404442010536511
-0.0191074736523508
0.00826349604526743
-0.0267078500964487
-0.0181946475540894
0.00434092158861349
-0.0113906017404507
0.0229501989650519
-0.00496636083507528
-0.00849110178701647
0.0159289619609872
0.000997267014429405
0.0156461772673148
0.0142244619914094
0.00211133655541404
-0.0243189840947622
0.00158420119928276
-0.00584172086865012
-0.0147872209110176
-0.00889933957630419
-0.00981615499644236
-0.0117519141407853
0.0013937216566794
0.00210737055518896
-0.000383476487282384
0.0101444120075003
0.0210277172711032
-0.00714472404095818
-0.00357414842180598
-0.00152832213302083
0.0205626757012916
0.00407084065228511
-0.0152435663649821
0.00108496571097716
-0.00356330313508403
-0.00240052235827494
0.0107197133032279
0.000677573150577442
0.021115291156853
-0.000724432731559177
-0.00362258008331009
-0.00123027675741733
0.0216344309095223
-0.00213163858670955
-0.0282982506260274
0.00479364777763877
0.00948227831453892
0.00569060608048401
0.00358547953382391
-0.0233423327928059
-0.00311067991303977
-0.0204535358977314
-0.0107540151375512
-0.000930845765046443
0.0033044703740208
-0.0188600995119743
0.00193569286177489
0.0033601260748904
0.0248613753086534
-0.0141108335493484
0.0102222995436801
0.0116943401982413
-0.0220881755109796
-0.0154050839833531
-0.0086810830498403
0.0161164730748722
0.0200445724411667
0.0230940909796271
0.0078590362647169
0.0272811887454067
-0.00702466629240696
-0.00402672458634601
0.020747651929197
0.0182222944460516
-0.00164451617621415
0.016028309871786
-9.09139998925786E-05
0.00491326461858141
0.00391523526367204
0.000290110197001783
0.0413996376311742
0.022212050701776
-0.0162141688276001
0.0150970002042677
-0.0173116025465013
-0.00105455826164673
-0.00304720322039986
0.00802323283315683
0.010381006248337
-0.00454516951429515
0.025341529630834
0.00960845525561338
0.0206350980768389
0.00190770454281575
0.00413564622226989
-7.91572467952356E-05
-0.00262559346013391
-0.0127654099425078
0.00151453138417799
-0.00148552857750702
-0.00892326920096188
0.00350020287965057
-0.0286821104120019
-0.00430725076294017
0.0234506547433287
-0.00170746915564508
-0.0128746419082599
0.00841153211974457
-0.00866270519705439
-0.0115266119614112
-0.00633859534447464
0.0200465809209254
0.0172527816530077
-0.00419188311963093
0.00078000149165314
0.0027344374174302
-0.0112759057070771
-0.00936583889993139
0.0249750652393717
0.0129491873744844
-0.00904280881889116
-0.0055752444185484
0.0225481521589628
0.00695993918180174
-0.0177736803531376
0.02549033000258
-0.00333751892358356
0.00288422044659903
-0.00858670547656537
0.00190174233032911
-0.0166762273634493
-0.00205899370274725
0.0262980382782808
-0.0135592942121456
-0.00859259112140873
0.0138922831844513
-0.00542357372463438
0.0229404783766615
0.00625990301203866
0.0104876077963462
-0.0175317779775173
0.00349364586541123
-0.0158929428734684
0.0169840082649799
-0.00966515834015486
0.0035036902279758
0.00756130004219074
0.00187142234598641
-0.00865662134492678
0.00329884608108786
-0.00997416481339715
0.0133863800093611
-0.0241224148882101
0.0222276017256633
0.00149100180922963
-0.000698185765688755
0.00180364337525681
0.00161523980898061
0.0168521732687559
-0.0214075566563025
0.00566502554453479
-0.0103537431005059
-9.85746156714502E-05
0.0184151869976593
-0.000471483690382787
-0.0147931089863059
-0.0278642766747459
-0.0233224059248395
0.0153755774194486
-0.0143651892703433
-0.00387138399531958
-0.00527557669297602
-0.0331155610762109
-0.0195300411838016
-0.0116717727615636
-0.00547658017635023
-0.00931247835404586
0.0123007200914522
-0.00740755716722225
-0.00699796755225057
0.00904501931171084
-0.00163335395939709
0.0275847682295469
0.00429867936493569
-0.00945039922925767
0.00115770185650901
0.0391195026646428
0.00572781261919239
-0.0187048457620746
-0.0122988776610231
0.016103093666266
-0.0125609660916098
0.0202747909707684
0.017803908446825
0.00595390024967188
0.00309629558727527
0.025724863176979
0.00787074472445071
0.00897053762765212
-0.00579495494647084
0.02533584267036
0.00329180049434654
0.0172169482331863
0.0105390109881584
0.0106422253013301
0.00123721386535869
-0.0163892583596417
0.00196999483579839
-0.0028697048439701
0.0100619294361061
0.0193888699339083
-0.0166103788530919
0.0132902308967913
0.011786190460131
-0.00359031875283203
0.0137481228058933
-0.0143063470295854
0.0103744325180221
-0.0234177021247945
-0.0199258353713814
0.00942572516629589
-0.0263147546970699
-0.00206983091260901
0.0102661303962634
-0.0104540471756622
-0.00397300093238922
0.0178975378223194
-0.00266718954044546
-0.00502814837812428
-0.0244334628768382
0.00745401362184962
-0.0066462552691708
-0.00807646466400011
0.000908086224721656
-0.0160434483364585
0.0213097504464938
-0.0196405427765135
-0.0278517058586286
0.00356165555523555
0.00513966869819931
-0.00511033149748567
0.00062098444759938
-0.0247143155335405
0.0178785615237291
-0.00410331503901974
-0.0220759804755935
0.00974385905648619
-0.0209659566044144
0.0023199305283895
0.00928037302734373
-0.0159448745351451
0.0116579855834113
0.0058572089551646
0.0137408137807305
-0.00753003654291627
0.00217612898195031
0.00115984465048989
0.00148338317457583
0.00662652286558844
0.00118864697489478
0.00165442534109187
0.00188185445632349
0.0110699926128413
-0.00667857200732108
-0.0189300890211672
0.0215151603073709
-0.00437684112824915
0.003811554276417
-0.0150296869714386
-0.0110436523958189
0.00173079636433693
-0.0227620684473973
0.0247007136286104
-0.0112161728156435
-0.00815006945067179
-0.0164050384757178
0.00055179687250728
0.0007219459545424
-0.0109891572057291
-0.00950216582257478
0.0221688031164161
0.0146641359769982
0.0232985644648889
-0.0038412450668925
-0.00470567246550729
-0.00714798921305846
0.00610105419431578
-5.7346102237287E-05
-0.00147044899277258
-0.0150811755861753
0.00574426109031044
0.0111178203869029
-0.00985039753110735
0.00251048344300063
-0.0298121448736959
-0.00540150793234596
-0.00389668709593039
0.0411117660047637
0.0062394688788153
0.0205962180762686
0.0128486311317596
0.0081035716761464
0.0017939578185372
0.0107882498649387
-0.00158361120718399
0.00869348850142638
0.00161646470792749
-0.0138554206713114
-0.0149699102588188
-0.00495414311232156
-0.00255346319762447
0.0105832499506136
-0.00558368566026378
0.00841374113268548
0.0108172912580421
-0.00473794370874987
-0.00571096498677795
-0.00955029227264429
0.00774958737079725
0.00654530471329284
-0.0140109701273069
-0.0104419163987912
0.0111559809822814
-0.00681465066610105
0.00944095785047767
0.0125737036665227
-0.0214858387899199
0.0256077469685335
-0.00791610862871129
-0.0391479728118222
0.00288881939357303
0.0205204138978663
-0.0103240420352214
-0.0179700983231492
0.0116876322427917
0.0131268937732944
0.00891524843618255
0.0276900032466829
0.00551653264531937
-0.00534451090484606
-0.00839029745976649
-0.0137398362319624
0.000855459240566283
-0.00245719876174426
-0.00158960888327619
-0.0106273858132267
-0.00136087588437065
-0.0260555134342051
-0.0122714798425716
-0.0407124004661645
-0.0129674028616225
-0.01537931084379
-0.0119617346421912
0.0312614159673477
-0.0220615024470275
-0.01986880757164
0.0272240218389458
-0.00585126962309676
-0.00818851695041514
-0.00833118653935565
0.0153301737564018
-0.0194010921569123
-0.0267746662821421
0.00980890717526838
0.00809021816379473
0.00668476264727545
-0.00255935326591724
0.0150453247124238
0.0136510073420334
-0.0305574309981084
0.0089470843039379
0.00166154395839923
-0.00182097552770287
0.00183889066041765
-0.0174165081871024
0.0113540169338055
-0.0100970606378045
-0.0114502305842861
-0.0158243308068096
-0.00204298881720728
0.00645854816961958
0.00789830019634349
-0.00886020368442004
-0.000162545070220339
0.00646437095252011
0.0031262473676973
0.0111954151014954
0.0104994837802897
-0.00565819060289481
0.00507096647170722
-0.026640672788978
0.0116231547550231
-0.0086813663432178
-0.00514505622313404
0.00600200191909745
-0.0302298211518414
-0.00206212242812103
-0.025711261916583
0.00734916633944373
0.0271275389219816
-0.0218569103789243
-0.0107291400356498
0.00820749372241855
0.00605753394631688
0.00444894976420218
0.00406507201475238
0.00460716391720025
0.003768980792137
0.00409887701564295
0.000677345665138622
0.0105851172837203
-0.00297050481468895
-0.0112824985646431
-0.00897467374886237
0.0280688639212272
-0.004904879608624
0.00319288517643322
-0.00918847525259908
0.000663142435609299
-0.010122986204979
0.0134453380117297
-0.0237030744439331
0.00737879666361915
-0.00487359629048694
-0.0114941943794005
0.00264985564940449
-0.00153612785056489
0.00367709098897728
-0.0182116957482498
-0.0102114433152951
0.020509423642285
-0.000849640006115281
0.00486119327644334
-0.000904737936304745
-0.0189780614244719
-0.0284295190148984
-0.0168043400485182
0.0113880038791009
-0.00538792549458436
-0.00127998485464891
-0.0134801510275558
-0.0153570889619597
-0.00612749357268457
-0.0339261036802946
-0.00890346243811474
0.00663091083982363
-0.0230616596779693
0.00737185492553987
0.0168965440901615
-0.0183143414358394
-0.0135520279074212
0.0065068870406562
-0.00838807233552221
0.0137493886042861
0.00507637440494005
-0.0131734942095984
-0.00842419197748833
0.0239811546946685
0.0162990703804016
-0.0091999745253882
-0.00301718779972504
-0.0189950426679992
-0.00431538537274543
-0.0196968380506893
-0.00459055494921223
-0.00273731778342426
0.0037805478602724
-0.0331531413361225
0.0118397061184318
0.00551440620469445
-0.0108897052415081
-0.00128945841579587
0.00155673113869174
0.027669817985141
0.0132766003632593
-0.0167271654100751
0.0254005181921486
0.0131185440440774
0.0024248974620959
-0.00648071808886323
-0.00508114682119657
0.00804635714160637
0.00696686087335492
0.00804635714160638
-0.00508114682119656
-0.00648071808886325
0.00242489746209594
0.0131185440440774
0.0254005181921485
-0.0167271654100752
0.0132766003632593
0.027669817985141
0.00155673113869174
-0.00128945841579584
-0.0108897052415081
0.00551440620469446
0.0118397061184318
-0.0331531413361225
0.00378054786027239
-0.00273731778342427
-0.00459055494921226
-0.0196968380506893
-0.00431538537274545
-0.0189950426679992
-0.00301718779972505
-0.0091999745253882
0.0162990703804016
0.0239811546946685
-0.00842419197748832
-0.0131734942095983
0.00507637440494002
0.0137493886042861
-0.00838807233552224
0.00650688704065615
-0.0135520279074212
-0.0183143414358394
0.0168965440901615
0.00737185492553985
-0.0230616596779693
0.00663091083982364
-0.00890346243811472
-0.0339261036802945
-0.0061274935726846
-0.0153570889619598
-0.0134801510275558
-0.00127998485464892
-0.00538792549458435
0.0113880038791008
-0.0168043400485183
-0.0284295190148983
-0.0189780614244719
-0.000904737936304754
0.00486119327644334
-0.000849640006115263
0.020509423642285
-0.0102114433152952
-0.0182116957482498
0.00367709098897731
-0.00153612785056487
0.00264985564940451
-0.0114941943794005
-0.00487359629048691
0.00737879666361915
-0.0237030744439331
0.0134453380117297
-0.0101229862049791
0.00066314243560929
-0.00918847525259907
0.0031928851764333
-0.00490487960862398
0.0280688639212271
-0.00897467374886235
-0.011282498564643
-0.00297050481468895
0.0105851172837203
0.000677345665138636
0.00409887701564295
0.00376898079213701
0.00460716391720021
0.00406507201475243
0.00444894976420218
0.00605753394631691
0.00820749372241857
-0.0107291400356498
-0.0218569103789244
0.0271275389219817
0.00734916633944372
-0.0257112619165829
-0.00206212242812106
-0.0302298211518414
0.00600200191909745
-0.00514505622313414
-0.00868136634321779
0.0116231547550231
-0.026640672788978
0.00507096647170722
-0.00565819060289478
0.0104994837802897
0.0111954151014954
0.00312624736769734
0.00646437095252012
-0.000162545070220324
-0.00886020368442001
0.00789830019634344
0.00645854816961952
-0.00204298881720727
-0.0158243308068096
-0.011450230584286
-0.0100970606378045
0.0113540169338055
-0.0174165081871023
0.00183889066041767
-0.00182097552770289
0.00166154395839921
0.00894708430393791
-0.0305574309981086
0.0136510073420334
0.0150453247124238
-0.00255935326591715
0.00668476264727543
0.00809021816379474
0.00980890717526838
-0.026774666282142
-0.0194010921569122
0.0153301737564018
-0.00833118653935584
-0.00818851695041514
-0.00585126962309673
0.0272240218389457
-0.01986880757164
-0.0220615024470276
0.0312614159673479
-0.0119617346421911
-0.0153793108437901
-0.0129674028616226
-0.0407124004661646
-0.0122714798425716
-0.0260555134342051
-0.00136087588437064
-0.0106273858132267
-0.00158960888327614
-0.00245719876174425
0.000855459240566316
-0.0137398362319624
-0.00839029745976654
-0.00534451090484605
0.00551653264531935
0.0276900032466828
0.00891524843618252
0.0131268937732943
0.0116876322427918
-0.0179700983231492
-0.0103240420352214
0.0205204138978663
0.00288881939357311
-0.0391479728118224
-0.00791610862871131
0.0256077469685335
-0.0214858387899198
0.0125737036665227
0.00944095785047764
-0.00681465066610105
0.0111559809822814
-0.0104419163987912
-0.014010970127307
0.00654530471329281
0.00774958737079726
-0.00955029227264422
-0.00571096498677794
-0.00473794370874989
0.0108172912580422
0.0084137411326855
-0.00558368566026378
0.0105832499506136
-0.00255346319762447
-0.00495414311232155
-0.0149699102588187
-0.0138554206713114
0.0016164647079275
0.00869348850142636
-0.00158361120718401
0.0107882498649387
0.00179395781853722
0.00810357167614642
0.0128486311317595
0.0205962180762686
0.00623946887881524
0.0411117660047635
-0.00389668709593037
-0.00540150793234599
-0.0298121448736959
0.00251048344300067
-0.00985039753110741
0.0111178203869029
0.00574426109031045
-0.0150811755861753
-0.00147044899277261
-5.73461022373016E-05
0.00610105419431574
-0.00714798921305844
-0.00470567246550727
-0.00384124506689253
0.023298564464889
0.0146641359769982
0.0221688031164161
-0.00950216582257479
-0.0109891572057292
0.000721945954542416
0.000551796872507274
-0.0164050384757178
-0.00815006945067179
-0.0112161728156435
0.0247007136286104
-0.0227620684473973
0.00173079636433698
-0.0110436523958189
-0.0150296869714386
0.00381155427641698
-0.00437684112824913
0.0215151603073709
-0.0189300890211672
-0.00667857200732107
0.0110699926128412
0.00188185445632355
0.00165442534109189
0.0011886469748948
0.00662652286558846
0.00148338317457582
0.0011598446504899
0.00217612898195032
-0.00753003654291624
0.0137408137807304
0.00585720895516461
0.0116579855834113
-0.0159448745351452
0.00928037302734368
0.00231993052838951
-0.0209659566044143
0.00974385905648618
-0.0220759804755935
-0.00410331503901978
0.0178785615237291
-0.0247143155335408
0.000620984447599398
-0.00511033149748559
0.00513966869819933
0.00356165555523555
-0.0278517058586285
-0.0196405427765135
0.0213097504464937
-0.0160434483364586
0.000908086224721644
-0.00807646466400012
-0.0066462552691708
0.00745401362184963
-0.0244334628768381
-0.0050281483781243
-0.00266718954044542
0.0178975378223194
-0.00397300093238923
-0.0104540471756622
0.0102661303962633
-0.00206983091260901
-0.02631475469707
0.00942572516629583
-0.0199258353713813
-0.0234177021247945
0.0103744325180221
-0.0143063470295854
0.0137481228058933
-0.00359031875283203
0.011786190460131
0.0132902308967913
-0.0166103788530919
0.0193888699339083
0.0100619294361061
-0.00286970484397007
0.0019699948357984
-0.0163892583596418
0.00123721386535872
0.0106422253013301
0.0105390109881584
0.0172169482331863
0.00329180049434654
0.02533584267036
-0.00579495494647085
0.00897053762765213
0.00787074472445071
0.0257248631769791
0.00309629558727524
0.0059539002496719
0.0178039084468249
0.0202747909707684
-0.0125609660916099
0.016103093666266
-0.0122988776610231
-0.0187048457620746
0.00572781261919241
0.039119502664643
0.001157701856509
-0.00945039922925769
0.00429867936493566
0.0275847682295469
-0.00163335395939706
0.00904501931171079
-0.00699796755225058
-0.00740755716722226
0.0123007200914521
-0.00931247835404582
-0.0054765801763502
-0.0116717727615635
-0.0195300411838016
-0.0331155610762109
-0.00527557669297602
-0.00387138399531957
-0.0143651892703434
0.0153755774194486
-0.0233224059248394
-0.0278642766747459
-0.0147931089863059
-0.000471483690382765
0.0184151869976593
-9.85746156714707E-05
-0.0103537431005058
0.00566502554453476
-0.0214075566563024
0.0168521732687559
0.00161523980898061
0.00180364337525681
-0.000698185765688763
0.00149100180922967
0.0222276017256633
-0.0241224148882102
0.013386380009361
-0.00997416481339721
0.00329884608108788
-0.00865662134492676
0.00187142234598642
0.00756130004219077
0.00350369022797581
-0.00966515834015483
0.0169840082649799
-0.0158929428734685
0.00349364586541121
-0.0175317779775172
0.0104876077963463
0.00625990301203864
0.0229404783766615
-0.00542357372463437
0.0138922831844513
-0.00859259112140868
-0.0135592942121457
0.0262980382782808
-0.00205899370274724
-0.0166762273634493
0.00190174233032913
-0.00858670547656538
0.00288422044659908
-0.00333751892358356
0.0254903300025799
-0.0177736803531376
0.00695993918180175
0.0225481521589629
-0.00557524441854839
-0.00904280881889122
0.0129491873744844
0.0249750652393717
-0.00936583889993139
-0.0112759057070771
0.00273443741743024
0.000780001491653142
-0.0041918831196309
0.0172527816530077
0.0200465809209253
-0.00633859534447459
-0.0115266119614111
-0.00866270519705439
0.00841153211974455
-0.0128746419082599
-0.0017074691556451
0.0234506547433288
-0.00430725076294012
-0.0286821104120018
0.00350020287965059
-0.00892326920096183
-0.00148552857750702
0.00151453138417803
-0.0127654099425079
-0.00262559346013395
-7.91572467952729E-05
0.00413564622226992
0.00190770454281576
0.0206350980768388
0.00960845525561337
0.025341529630834
-0.00454516951429517
0.0103810062483371
0.00802323283315689
-0.00304720322039985
-0.00105455826164677
-0.0173116025465013
0.0150970002042677
-0.0162141688276001
0.022212050701776
0.0413996376311741
0.000290110197001843
0.00391523526367206
0.0049132646185814
-9.09139998925801E-05
0.016028309871786
-0.00164451617621409
0.0182222944460515
0.020747651929197
-0.00402672458634608
-0.00702466629240698
0.0272811887454068
0.00785903626471694
0.023094090979627
0.0200445724411668
0.0161164730748722
-0.00868108304984024
-0.0154050839833531
-0.0220881755109797
0.0116943401982412
0.01022229954368
-0.0141108335493484
0.0248613753086534
0.00336012607489044
0.00193569286177487
-0.0188600995119743
0.00330447037402084
-0.000930845765046454
-0.0107540151375512
-0.0204535358977315
-0.00311067991303971
-0.023342332792806
0.00358547953382389
0.00569060608048397
0.00948227831453891
0.00479364777763878
-0.0282982506260274
-0.00213163858670956
0.0216344309095223
-0.00123027675741734
-0.00362258008331009
-0.00072443273155915
0.0211152911568529
0.000677573150577454
0.0107197133032279
-0.00240052235827495
-0.00356330313508401
0.00108496571097717
-0.0152435663649821
0.00407084065228511
0.0205626757012916
-0.00152832213302078
-0.00357414842180596
-0.00714472404095821
0.0210277172711033
0.0101444120075003
-0.00038347648728235
0.00210737055518897
0.00139372165667936
-0.0117519141407853
-0.00981615499644234
-0.00889933957630421
-0.0147872209110176
-0.00584172086865014
0.00158420119928274
-0.0243189840947622
0.00211133655541404
0.0142244619914094
0.0156461772673148
0.000997267014429392
0.0159289619609871
-0.00849110178701645
-0.00496636083507527
0.0229501989650519
-0.0113906017404507
0.00434092158861345
-0.0181946475540893
-0.0267078500964487
0.00826349604526744
-0.0191074736523509
-0.0040444201053651
-0.00333203039217364
-0.0216925266944716
0.0077976163818005
-0.0098037979527896
-0.00593268681417671
-0.0443509527036523
-0.0124453091287688
0.0119303191123752
-0.0101613148410616
0.00427164479238415
0.0186963975565734
0.00746814116705638
0.00974503703837922
0.00164315324529991
0.000379742366713796
0.000321621227675708
0.0263669679213766
0.0184470537003066
-0.00323187569313872
0.0150107147535768
0.0159598529685563
-0.00829749716523141
0.0172607903060252
-0.000555080698942029
0.0212690826989451
0.0046772353967815
0.026301911193558
-0.0105944297661226
0.000828744101045696
0.0170169258732352
-0.00785777504986686
-0.0107659300658254
0.00409481051642954
-0.0120284822798999
0.00501918401183305
-0.00373254265926639
-0.0109717561258598
0.015893261079931
-0.0238054761601731
-0.00805191476976967
0.0199617910820442
-0.0158103089620613
0.0141153865708744
0.0229020175918138
-0.0138920310157771
-0.0209071983884423
0.0119323510395625
0.0283893816449168
0.0278855749407291
-0.00448209057310135
0.00998108040345996
-0.00165517462213536
0.00675868220162619
0.0209788509974902
-0.0175153673026829
0.0049536597363115
0.00275217892112929
0.00454037149726182
0.00290843202886519
-0.00884429834340094
-0.0119520901093743
0.0105510716083107
-0.00170593730672105
0.0227422925670389
-0.0120135149619638
0.0441541908256211
0.00292698060232692
0.00442622214361197
0.0188980102028856
0.00827604755099145
-0.0128761457778424
-0.0170471064927775
-0.0164488127683388
-0.0166993528738256
0.0157722130034077
-0.0120570684228036
-0.0111494234878486
0.0244540474127956
0.0245528841414439
0.0175678864055993
0.00790337159993309
-0.0187137974247686
0.00362710485350175
-0.00255840254022424
0.0118946487858317
-0.0204218296201185
0.00523498362009316
0.0144007292442238
0.00293331311749621
-0.00150010781701136
-0.000384428558312729
-0.00207693047378272
0.013126396719274
0.0100154926828725
-0.00797417419856873
-0.00509906958947077
-0.00697402041715708
0.0175577743118675
-0.00920083677159948
-0.0208759226283123
-0.00706558041503313
-0.00703629060484021
-0.00735909253261638
-0.0093527533367325
0.00278084816985036
-0.0138018276708816
-0.00867499349033095
0.00904844818282966
-0.0110173365522987
-0.0316225371046762
-0.00505571141304903
-0.017279928711035
0.0164774502679312
-0.0114712879233041
0.0243942609937161
0.0209114627121988
-0.0369595095527848
0.00154501190532113
0.00895110823395552
-0.00922014816134783
0.0171531178479647
-0.0109853568007563
0.00499841826551168
0.000491310395527354
-0.00464100945528643
0.00182850671426847
-0.00521235781152618
-0.0125544505568262
0.00741264627045834
-0.00154454565528368
0.0114339515327951
0.00559318122363231
0.0199185593207574
-0.0157996162445757
-0.0210847959325243
0.00600195615847605
-0.00275950587196113
0.00497497338148077
-0.00138310756797047
0.000969132934215415
0.00174524815607701
0.0238637952315135
0.019130680894463
0.0205135509590581
0.00906271297206349
0.016096831157737
0.00211511121791954
0.018043891232552
0.000936712964448609
0.00686804292756387
-0.0379282823562667
-0.0017242478553971
0.0154947513794894
0.00807744167595357
0.0140636488195882
-0.00930970217631411
-0.0034510520573041
0.0121232827920612
0.00820038981101009
-0.00774213695598807
-0.0107682440877265
0.000307485361838212
-0.00459862881668096
-0.00785047866994428
-0.00491518103184414
0.01446500945706
0.00450783717153721
0.0241639515034028
0.0236660936304453
-0.0183149586319195
0.000173694149547754
0.015536024063799
-0.00294932344886486
-0.0183798346670187
-0.00353570272832064
-0.00105801511876168
0.0128949337958761
-0.0163552683069309
-0.01703623375981
-0.0100952029203553
-0.00835519161393555
0.0105303167059787
-0.0212716392802077
-0.00625738255402581
-0.0310773180001388
0.0120242148207284
0.00373767095000654
0.00732709598443683
0.00423994238522018
-0.0283870500507686
-0.0126626616352088
0.00960219006884639
0.0201183123326692
-0.00376114103470627
0.00184433753736647
0.00805421530841446
0.0108998655386986
-0.0122458279640325
0.0158173377220989
0.0157658704427394
0.0227043319007634
-0.00148212751151336
-0.00108373826735873
7.88978947242571E-05
-0.0100968445238409
0.0113460221377918
0.0330422763781066
-0.0197033389868988
0.00716509967957264
0.0308294469534703
-0.0296184096033804
0.00128432254842859
-0.0271440519650352
-0.00100649421290161
0.0246427548841425
0.000299472547463444
0.00188139699697138
0.0124728641037564
-0.0136888257554344
-0.0198687084608552
-0.0048551335161614
0.00300151339785935
0.0138066389112184
0.0074394697896738
-0.00351138710119453
0.00170178901198739
-0.00102285123541291
-0.00861651115153475
0.00443447048428989
0.0059705535372091
0.018524765987894
0.00488851861507689
0.00623729423452449
-0.0156488482651605
0.0308743277046787
-0.016736665594108
-0.0105734706094155
-0.0039312591122358
-0.00629318507738886
0.00626341183054908
0.0164790673106825
0.0242175107150327
0.0106969774871099
-0.0120479943479163
0.0084756367901907
-0.00799371710793285
0.00884703221226546
0.0221325939342191
-0.0196034286505564
0.00901072903148466
-0.000116303488167473
-0.00942976988684407
-0.011413250973431
0.0108236657518834
0.0230884232686966
-0.0143484477978054
0.0121386396335668
-0.0144931262889712
0.00283826630327583
-0.00904536296673572
0.0306502383245278
-0.0211376293916005
-0.00833365374416068
0.021629121014766
0.0176802935511478
-0.0229055700860692
0.00812433471151377
0.000654285606687587
-0.0100305234960253
-0.0111712869797431
0.00989774599056662
0.00937511610799195
0.0124158598649787
0.00983364123812809
0.0158419581701226
0.00152688584373083
0.011225575202095
0.0251459624136085
-0.00327547099857381
-0.00838883059404019
0.00396507771599201
-0.0156573943068842
0.0136626503688385
0.0235984674950503
-0.0103934563876836
-0.00255383942223199
0.00390123354135245
-0.0130475462517472
0.0217567917406412
-0.0130723931049195
-0.00691156871237361
0.00605939167945289
-0.00443988270610075
-0.00812165789579276
-0.0302793213608929
0.0101724398691184
0.000625270170147947
-0.0140386300053593
0.00556956608915953
0.00423590504103275
0.019714729787466
0.0147777381102189
0.00413371758904366
0.0308377163977348
-0.00381166576152538
-0.0222731940747946
0.00135031931308307
-0.0205084743719044
0.0158060409353007
0.0172039009744512
0.0151731583510458
0.00318026570685253
0.00432458162700809
0.0189547775053527
-0.00143472480442004
-0.0257186011447804
-0.0102282727499579
-0.0102374368051463
-0.0167652455241682
0.0345419322532601
0.0203471788622604
-0.00286305500387666
0.0119064698661813
-0.0181230051395209
-0.0296024446094968
-0.0168427456547671
-0.0103819276636701
-0.0115022347136931
-0.00941656676352318
0.00990636068944353
-0.00586517896762784
-0.00642462075047476
0.000506119421017658
-0.00417663874602502
0.0101363167186746
0.019642138575655
-0.0341305661062626
0.00631097265694893
0.0157662789961018
-0.0130780316365104
0.0319779853050169
0.00890728566158331
0.00107788525408057
-0.0115742194238015
-0.00420097034067419
0.0286497341457776
-0.0206328369401243
-0.00680856145021473
0.0302501611541026
-0.00150974012353961
0.00874006332841016
-0.0421805349194339
-0.00416484795691531
0.0110949297742238
0.0161315180475647
-0.00500954449137389
-0.0154235250493464
0.0153701903965128
-0.0131173956380502
0.00614257401536447
0.0219927922764396
0.00349817438823544
0.00168571254337769
-0.0136246966302901
-0.010033796038375
-0.0155981988370818
0.0264775203481136
-0.0131897075976183
0.0191847601893267
-0.0104874943078313
-0.0130475412083524
0.00202889177616398
0.0118969627780024
-0.00658027847350633
0.0207785876838649
-0.00230164127603679
-0.00745840476740407
-0.00734998129765049
-0.00814398952086944
0.00199889879181712
-0.0179477135609539
-0.0332203821878489
-0.0223826265089652
-0.00835663440895599
0.00106739141922948
-0.0189713607133548
-0.0142284075015712
0.00570647114392657
0.0131609160397162
-0.00925905843664276
0.00967224018877617
-0.00870359340648272
0.00630728827794849
-0.00774393038065639
0.00107750639629025
-0.0122490399761738
-0.0255402473848034
0.0131341967602874
-0.00217482964435267
-0.0155673303946744
-0.00373122290027663
-0.0123649084410935
0.00524260761566849
0.0182906484173024
-0.00469726413201176
-0.00732865166369607
-0.00871347285385763
0.00926358208120988
0.0128571273675784
-0.012910751086673
-0.0200866911038198
0.00144771503760708
0.00892097385959725
-0.00255506565123241
0.00938155869727409
-0.00309453087848648
0.0124593772529005
-0.00812181121826476
0.00969237016279093
0.0174337308802153
0.0261269306933135
0.023186122424757
0.0240214209526806
0.00693852474815369
-0.00830314222778899
-0.00266515189657592
-0.0135746696821451
-0.00832543273902137
-0.0191929955110263
0.0154296126392656
-0.00117867274271722
-0.00125141526468096
0.00484359025947539
0.00343226137071455
-0.00303673521546375
-0.0243081819756058
0.0134793269532789
-0.00974147535691064
0.00550360988041408
0.00299117382876527
0.00466700989222549
0.00283987862813856
-0.0122833311905059
0.00474092596062998
0.0256603282563545
-0.00619549625440706
0.00444637744219371
0.00464750143472362
0.00363765031850058
-3.21186726875693E-05
-0.00136406991663393
-0.0156683532060898
-0.0133841257018393
-0.0159015075974838
-0.0307172399206956
-0.0195778455630069
0.0167544083656877
0.0118503019741103
-0.0177897792551288
-0.0281664741721081
-0.00187435338829587
0.00289164596834023
0.000461362235884341
0.00767670918187467
-0.00997651957642936
0.0205840611248144
-0.00740463249133754
-0.00532417752374008
-0.00840642188298108
0.0255010168762706
-0.0143186329736819
-0.00553480295083389
-0.00364422487092427
-0.00267738992591655
-0.00889642522038336
0.0177350920142325
9.91627699752243E-05
0.000448025271747504
-0.00582118238578047
-0.015260655854693
0.0036355070279938
0.00665586930276824
-0.00707506227554793
-0.00833598533572879
0.00597414797829562
0.00270055418260636
-0.0105937002749307
0.000123173537961234
0.00968215799902995
0.0118294065367989
0.021257118835198
-0.00627455292354051
0.00229545979407181
-0.002438734890868
0.0145119672223667
0.0148818398524088
0.0125662210500796
0.00944878407478118
0.0369849473892612
-0.0103901427560887
0.00498232464815349
-0.0118147545757732
-0.0161300145027538
0.00193794357245431
-0.0100952010958755
0.0010555849280474
0.00203488314213824
0.00938879432922816
0.0142152103507804
-0.0030908574146416
-0.00438037272189166
0.0274282774133484
-0.0172761480419927
-0.01603764859362
0.00107043656987433
0.0180814206433698
-0.0184864473163936
-0.023564803858278
-0.00539303931985182
-0.0275193603167514
-0.000100366737279542
-0.0110648459508427
-0.0035098952791222
-0.0260394777096348
-0.0052516831508681
0.00881087539444498
0.00815328748859414
0.0366342405907934
-0.00726172234129018
0.0122967661496549
0.00335416649007964
0.0115487347723453
0.0141690248178162
-0.000767995060562539
0.019271809061274
-0.00491537757163497
-0.0102782417336742
0.000822038764143475
0.0177093557889711
0.0211576164345757
-0.00850104227558557
-0.00431234023154168
-0.00762443242127058
-0.0113370007818828
0.0117407609507191
-0.00134880760891422
0.0152797270787176
0.00909440552339135
0.00467579906236627
0.00724327974510938
0.0107807772139118
-0.0164909105111318
-0.00649312888753376
0.00710877252270662
-0.00850347654208654
0.000834088590414106
-0.0129957362102139
0.0162866479674427
-0.0264261857671622
0.016688177218471
-0.000220394028080175
-0.00733933489109454
0.00101873453782437
-0.0154180512407686
-0.000939970175409337
0.0113856701595231
-0.0105419001669239
0.00550148174699754
-0.00601571787050944
0.0121207423212189
-0.00877292188988203
0.011494220499981
0.0128063620316306
0.00169653331177956
0.00333730875077514
0.00807670464154012
-0.0190319671962583
-0.0173313012688144
-0.0114763906844789
7.66773446385535E-05
0.00591928922741331
-0.0111561654664822
-0.0205171217025504
0.0138553467370846
-0.00408963324365044
0.0173586325959997
-0.000980310019850789
-0.0110799299482346
0.0239210638239416
0.0049522061281271
-0.00207608453749398
-0.0102858939720454
-0.00728465416257481
0.0246812841417834
0.00701267084946853
0.00154483553262504
-0.00743702398452186
0.000289379677960272
0.0099414837959438
0.0114858228325272
0.0015111335534702
-0.0148102883182752
-0.00915118228443707
-0.0132359828791514
-0.0100722466311111
-0.0155245706499719
-0.0174097761306182
0.0186973121560827
-0.00618281568658485
0.00110977714943768
0.00302244679334504
0.0104266024976175
0.00621450104663069
-0.00537157909385472
0.015631943934288
-0.0208352058880884
0.000172716024266958
0.0323806440103417
0.0101274499886161
0.0117658088811389
0.0135802021334425
0.0107145713816814
-0.0154473889961951
-0.00475280233266409
0.0166160857854005
-0.0229389518266037
0.0210933381771967
0.0151377952505343
-0.00997842567006145
0.0103878924058395
-0.00191279672130966
0.00711356466394957
0.000422559645694633
-0.0070674627888837
0.00499946167525956
0.00451720717316089
0.00415955967095662
-0.0108288891685096
-0.0159312483655215
4.89573352140769E-05
-0.00844667710010824
-0.00785861218428255
-0.00281085597815365
0.0264210263596978
-0.0122171847572663
0.000470192436119338
0.00600711747478412
-0.0123509548317441
-0.00286988265516498
0.019319681361432
0.0100219228342385
0.00445419978148274
-0.00910980130328958
-0.00965953960535723
-0.0167440153924456
0.0131994042605292
-0.0164534632491432
-0.0107093022998151
-0.00371602454682927
0.0127799309887445
0.0206315290300444
0.0135352347891716
-0.0256036508305101
0.0180105346412909
-0.00155026210057519
-0.0179047398276352
0.0151121837687128
-0.00780667247195865
0.00750906012738376
0.0185594526178753
0.0080970426334773
0.0128105544210242
-0.012281323307595
0.0080953451555362
0.0180140600746417
0.00313138032888126
-0.00655287765217022
0.00155712601702295
-0.0345145880935892
-0.0103261693438901
-0.0122241238650853
0.00570873379700489
-0.0166550318360295
0.00557145175964352
0.000773331502347743
0.0195203283291131
-0.00347437357710816
-0.00121103240138326
0.00973138632745203
-0.0127937912905145
0.00604210898409128
0.0162363042635264
-0.00775362362064911
0.0122483421375306
-0.0127805099332309
-0.00571531292395995
-0.0133484664054829
0.0214954914076948
0.00792253483391885
0.00672644870561351
0.030713207108199
-0.0134370213388737
0.0133235848757837
0.0248450580519259
-0.0188366816315819
0.0222305464143203
-0.0060167993266109
0.00250208723926864
-0.00745509119679682
-0.0168444211556406
0.000699131461115405
-0.0231508504042695
0.0112093333369958
0.00884944405036603
-0.0141800337020154
0.0326146432951249
-0.0131926033374401
0.00746194727743174
0.012324536509626
0.0254193272322468
0.0130022741982325
-0.0084229097442103
0.0189998747023115
0.0121929905540759
0.00507397144399482
0.0210413405104307
-0.0313686571147853
-0.00342550094392957
0.023249398329535
-0.0181993102577404
0.00186691484666001
0.00929777747368779
-0.0193826860345316
-0.0264041075618407
0.00516332878822161
-0.0171196089223211
-0.0264606405287483
-0.00436314442158813
0.00169104198876616
0.00212314564040154
-0.0027348423430775
0.00103338079279917
-0.0217170870696942
-0.00440674319104639
-0.00249449325021084
0.0329264710508532
-0.0183000000430384
-0.0246953887108397
-0.00504212163726294
0.0162314002356027
-0.0160686005523332
-0.00566175292781086
0.00279652393998542
0.00184583129268835
0.00189604712450103
-0.0134380388146929
-0.00628126302835685
-0.00343847624063396
-0.00595503004754721
0.0335950600168118
-0.0150264064844927
-0.0154992899598899
0.0226894832325326
0.0157423620576546
-0.00432843041358198
-0.00729535505450402
-0.020532514829489
-0.00796393724381655
-0.000736110363222949
0.0267277420253661
-0.0210831436104225
0.0163160888521027
0.00300252038816259
-0.0134764266093934
-0.0168170704882036
-0.022526281811672
-0.0135661777254386
-0.00205371100962214
-0.00223983156935839
-0.00397792747901109
0.00788574140376681
-0.00275707725352778
0.0140614652882003
-0.0131062041105228
-0.00654304758972638
0.00937869763485035
-0.00724751700560989
0.0124393816319082
0.000977602595325535
-0.000856979077596316
0.0203088504018016
0.0297197195326269
-0.0174138050631539
-0.0323454212862754
-0.0175937699329364
0.0114801331784155
-0.005891986668514
-0.00269287497944733
-0.00201254917901523
-0.00116081859528374
-0.0101466220768637
-0.0180260735722801
-0.00575446267708232
0.00304577629068922
-0.0257362434429928
0.00203943640950742
0.00222086433095284
0.00711510287405529
-0.00187617963442139
-0.0108124727532342
-0.000894305167465961
-0.00297274897448022
-0.00578810541119967
-0.0162811648969059
0.0141039459457712
-0.0103998352680587
-0.0151542312962199
-0.00494098998567948
0.00214413992230835
0.00404575191965633
0.00308161841085981
-0.00922500899388871
0.0206789111070878
0.00366426763097278
0.0116193810797484
-0.0115142019358229
0.000949742479992993
-0.0109794027719761
-0.0142163007646527
0.0205347770269778
0.00244365894579671
0.00785822444195987
-0.0146460122546956
-0.0121903794707469
0.0184017975436576
0.00194625694812156
0.0127796683411953
0.000797528719423778
0.00053071133722139
0.00760062681635812
0.0116434804124889
0.0204764405730058
0.00556755020944737
0.013677192196686
0.00748024431882089
0.00256150798138744
0.00375974171554408
0.00645785139852885
0.010784319139226
-0.0146269842437153
0.0249989171693021
-0.0219710988463198
-0.0389665171122604
0.0103565622235618
-0.018850299805228
0.0156259566840402
0.00685210094100021
0.00122036881690592
0.01287867079584
0.0103577956033241
0.009141468861623
-0.00741714872106096
-0.00346696290074855
0.0148893232007997
-0.017069758136362
0.00570830005511844
-0.00846484418403836
-0.00163671621005671
0.00658785804140215
-0.00158582752980752
-0.0108561176082678
-0.00145184487497529
0.0185459285787255
0.0102964096629755
0.00232130275375925
-0.0176205345624958
-0.0111600879956361
-0.0118866131074275
-0.00183989471177424
-0.0324976998290335
-0.00282054553543913
9.86171882606361E-05
0.00405233319670821
0.00188614024888694
0.00953686467470615
-0.0213821024498199
0.00493422788606793
-0.00284427037783616
-0.00139431191294074
0.0254325767407767
0.00171005516830488
-0.00221574813089812
0.00851408839320321
0.0157267771436164
0.0345117022148384
0.0169886435601142
-0.0166798237180944
0.0238085756383671
-0.0157341929186914
0.000510308058338218
-0.0156680252841865
0.00902760893330175
-0.0218836745848218
-0.0266059337393075
0.0168414846619582
-0.0244106388588858
-0.0340658093900201
0.0207109094424467
0.0105337463032338
-0.00525831691828968
0.00461360033842164
-0.0220254034743418
0.02341812030098
0.000872763349838959
0.0145332437696672
-0.0327934048746135
-0.00465121477277702
0.0119135682338881
0.00332905445333658
-0.00760410837950576
0.0084049678361006
0.0222799786040795
0.00360311807205878
-0.00665734253125696
-0.00534418757723059
0.00572310073716792
0.0181997562854478
0.0101780115801268
-0.0203053008350714
0.00393843711063723
-0.0107300319151741
-0.00688182018458117
0.00217222941842055
-0.00396294387086576
0.00517339485743354
-0.0104028581577838
-0.00186287440737969
0.00199116051727461
-0.0226055580958929
0.00323654110755322
0.0105692838048354
0.0142944521278088
0.0198085184646991
-0.0267732679697925
-0.0099615019150882
-0.00875698533556873
-0.00588200174700296
0.0115518788148787
0.025925654092926
-0.00830701911887579
0.00431068292602431
0.00473067697346156
0.0134537242093192
-0.0011462482045133
-0.0268394807985804
-0.0167208919780598
0.0322422775979692
-0.0130767932939536
0.0145199043952959
-0.00470350934483252
0.00717752328954221
0.00232449681609879
-0.0224607468142344
-0.00160968184734453
0.0108893941430361
0.00598885416514117
0.00516660834568876
-0.00373523867958911
-0.000915257985096947
-0.0027907854133876
0.00334367168949146
0.0177576533352289
0.0275786674495466
0.00566377260968251
0.0166919403291597
0.0232771870999799
0.0348236417463457
-0.0136131644510116
-0.0118593646690085
-0.0087352459640625
0.00393537674089437
-0.0207833335972616
0.000482937032309195
-0.000785815925938084
-0.0134704635004804
-0.00157924829912908
-0.00116266015882054
0.0020754867176741
-0.0251252921615142
0.00481760425715557
-0.0185644583368122
0.00242555403642391
0.0025645027260003
-0.00141384001329815
-0.00678043057539508
0.0127826122145166
0.00756421522332398
-0.0154907581362598
0.00820317961082892
0.00263827158423864
-0.00891949781056466
0.00282416037852241
-0.00957229495017786
0.00231098753078877
0.00602552976334663
-0.0080450292530914
-0.00397998658974302
-0.0355633315194573
-0.000473554353644742
-0.00313239991120149
-0.00863855155021569
-0.00346310732450027
0.0214899698994059
0.0112132591748633
0.0192525758164411
0.0322629158815229
0.000586416237487343
-0.0193155141176228
0.00397784451210592
0.00384288057567185
-0.00416678267523442
-0.00505314660181044
0.0397342091482302
-0.0268678831442917
-0.0275485524179491
-0.0017647486635559
-0.00707445825663691
-0.00662858138192699
-0.00247279463100053
0.00518558971365259
-0.00424082784129405
0.0131588358847032
0.0270808758905261
0.00538432263147605
0.0025859475299571
-0.0085466733624417
-0.00945969917324558
-0.0018116241624556
-0.00774800668207412
0.0242026045380699
-0.0206855794624059
0.00482448119017456
0.00828261886336828
0.00940586434813558
0.0105595034686641
-0.011615725334532
-0.0103896633678743
-0.0275369344187243
-0.0105499689125281
-0.0235831673101231
-0.00441098055535094
-0.00558645332673622
-0.00897785841914215
-0.00741836808166591
-0.00395627498284179
0.0126850221680891
-0.00136984672174529
-0.0208039758954834
0.0108069350006235
-0.0168946416966113
-0.00135237344964139
0.00723535226602144
0.00538357741026675
0.0268987524677384
-0.00795233985488439
0.00805835466646315
-0.00841180138831049
-0.00709144323138373
0.0118871856990126
-0.0112221527244941
0.0154763016719121
0.0112021405717821
-0.0399644441901822
-0.0145148266715268
-0.0200943638267616
0.00315756883363032
0.00500739016935309
0.026931925807348
-0.00273827489113308
-0.00619428586909075
-0.000223358410002128
-0.0180278177886561
0.00147002114566613
-0.00840298829818922
0.000580991664253233
0.00273146942366772
-0.0106806288442356
0.00178714311193544
-0.000557001431184176
-0.0144310201261511
-0.00696870972626149
0.00101922744666899
-0.00846796990976172
0.0206938717225013
-0.0218106105824101
0.00875032051906377
0.0145522115359944
-0.000831017887674101
0.0141649169970019
6.25796611472137E-05
0.0150326387531809
-0.0129295481389071
0.0349083085247003
0.00440890638537703
0.00423007241784388
0.00921632604660033
0.00698535135942217
0.013816468706946
0.00800589445395196
0.0193456166530188
0.0189404197858012
-0.0207337302546219
0.00481148810450978
0.0177344090370314
0.015470195413982
0.00360469080734132
-0.0115279773338109
0.0191188631249812
0.00483169538542018
0.0216732335721041
0.00568689828513977
0.00635520832079267
-0.000811931855180648
0.010175717255424
-0.00448978173107605
-0.00723847430687093
-0.0132279239210538
-0.011280524263675
-0.0122592508189781
-0.0278025683401249
-0.0167889899909177
-0.0291060864329298
0.0171038098711819
0.0110086355652887
0.00108770863036388
-0.0109621273334674
0.0118413573599953
-0.00191038425399763
-0.00333476994103008
-0.0125611763789791
-0.0207351588859481
-0.011028244337558
0.00471596784325693
0.0137620554057289
-0.00144825569444375
0.00636539630289852
0.0107698948615353
0.0208464486888047
-0.00408497727278955
0.00425182390125026
-0.0268003471220029
-0.00621944699730409
0.0145911645025048
-0.00581617517919419
-0.0317874997523239
0.00677386177132137
0.0240106550889477
-0.00492072709496222
-0.0262003436825264
-0.00185549566191328
-0.0186781623650807
-0.00971589036603214
0.00109071420679486
-0.00138371745002521
0.0154212770294766
-0.0130829419505559
-0.000352631830817481
-0.0212768852017065
0.00695496278006461
-0.0204952363555914
-0.00854936339275302
0.00830209963535661
-0.0134573394261894
0.000323998103394724
-0.0144961049224039
-0.00787345558812183
-0.02022781783586
-0.0272452674052526
-0.00699955615097574
0.00409012840974458
0.0153325017363638
-0.00803829493006948
0.0100475562238149
0.0236485164388274
0.00430269341096946
0.00247696530411498
0.00048440653926132
0.0371188146556526
0.0104241108283748
-0.0259382691822611
-0.0114638218056855
0.0217138042340795
-0.00801644412632307
-0.00177594206525354
0.00569985756274631
-0.0192878677290183
0.0159263763908008
0.022120046337656
0.000283910547180171
0.0171400771418449
-0.0138867745746004
0.0177171438173884
-0.0202449118580656
0.0223615155886818
-0.00189883755381608
-0.00915610716416473
0.0266154944781612
0.00259594472702597
-0.0193930272941077
0.0122563468307121
0.0152361684363255
-0.0130751811260837
0.0118878450311673
0.0184284618228382
0.013218564850094
-0.024499921870322
-0.018027581705072
0.00280487011399057
0.019348041497549
0.0162844473946424
0.0167229038471063
-0.0129867126218931
0.0237981108675522
0.0229239834486076
0.0108239892167152
-0.0177966801481774
-0.0058229091864372
0.00343142354198868
-0.00764746229965958
0.018150312065857
-0.00889858022106315
-0.0206442495255016
0.0104384861142575
0.00205651915178025
-0.00431204824821049
0.00577226595420012
-0.0176066808067153
0.0204065892836223
0.0299995279702958
-0.0217327519103772
0.0116993579744015
-0.0093769508346922
0.00613928123065732
-0.00204466089433469
-0.00536894785436186
0.0148283935189923
0.0178364139271783
-0.0143550957127902
0.00126674720247391
-0.035954455242834
0.00314866985913682
-0.00292822603019984
0.0078823813368388
-0.0291432936025253
-0.0235500653706043
0.00226059393608057
0.0062725105141407
0.00780602144689561
0.00972272995822426
0.0186098538088865
-0.0012881789921126
-0.0152619350415507
0.0163036877222508
-0.00105851943275523
-0.00387882172775089
0.0161659280768721
-0.00323592084557319
0.00813849778315625
0.0145358140494416
-0.00491901859247833
-0.00605788683861531
0.00142793680895451
0.000496314742343555
-0.0154534767945658
0.0156871321953912
0.0193425779062559
-0.0127703034232873
0.00235777993041718
-0.0268100522637796
0.00375176315977904
-0.0314205035586803
-0.00549163874728346
-0.00230392362509009
0.00739093424006708
0.0211471068588792
-0.00607418388111433
0.0274315881883189
0.0182850428759777
0.00452998143610018
0.00797809276624928
-0.0198921131341623
0.0186530655326225
0.00764295427635211
-0.0137423420115387
0.00452147039999687
0.00597908385080767
-0.00591386446833274
-0.0094081868570192
-0.000741935110650306
0.00228801096717353
-0.0231911560604165
-0.0047752890149315
-0.0143093084681763
0.0153896630864645
0.0154357246792274
0.0174525483591618
0.00291185267189549
-0.0242736096965045
0.00120719004271334
-0.000839296866946221
-0.00352011081992084
-0.00566089574518412
-0.00802990167018311
-0.0259765916585671
0.0170458441757179
0.00831605455870965
-0.00673748625997415
0.000517445145845234
0.0307543837440541
0.0126297025410029
-0.0167579126527209
0.000140632055132042
0.0119212462803558
0.00843279914611313
0.00212862810553645
0.0227123947648257
0.02050370323902
-0.00604647319673381
-0.0194250613119664
0.00876253209332668
-0.0201990983536123
0.0186337103378978
-0.0132457043938616
-0.000224051755367653
-0.0204872823815344
-0.00592416261699877
-0.0157018968362766
0.000570865491009873
0.00939657700293552
-0.00775107053518987
0.000407018554083217
0.00826420929054049
0.0246768890006549
-0.011286884938229
-0.00216810322460562
-0.000916068214630597
-0.0016593414808937
-0.0195339376599974
-0.0136450178626209
-0.00139092326426404
0.0243364559530733
-0.0111330050179862
0.0032455974432158
-0.0110840548128231
0.00816933559259351
-0.0339238956572661
-0.00337173087107766
0.0163943854275427
-0.0152785076862557
0.000492867821118442
0.016437372116831
-0.038025237445034
-0.00671070997975445
0.0171737152470456
0.00781956624664376
0.00312864466615625
-0.00586774797719877
0.00400141432413952
0.00783517280724824
0.029871427977415
-0.00309966696467434
-0.0119640827361185
0.00373936679301704
0.0249162963817869
-0.020143419331224
-0.03301793404135
0.0239822158868724
0.00459001932848668
0.0123837110801904
-0.0133574866733462
-0.00733315038736236
-0.0127606628193168
0.00748291381425305
0.0188736647995128
0.000736517190635535
-0.00423055512773428
-0.00108388545854187
-0.0123191915907883
0.00493461714334808
-0.0199413002203042
0.00872147045648109
0.00869527773563589
0.00743384827033832
0.00680255326051109
0.00896727000178663
-0.0208650859227994
0.00761537759465297
0.0130800268976141
0.0149311153036557
-0.000677431404128105
-0.00833744399139117
0.00999219060231742
-0.0016501722601364
-0.00392725033917054
0.0205177879855829
-0.018666753418063
0.009112131472164
-0.00432106046710266
-0.011592340392539
0.0145228455248776
0.000983634005502504
0.0111433149066735
-0.016133251302916
-0.0226535384446217
-0.00107779155769453
0.018903699950705
0.0188731139432308
0.0247294174701498
-0.00717240629415108
0.00537221026359095
-0.00249246491735888
-0.020840327993819
0.012230759333701
-0.00275471772722292
0.00266301606639224
-0.00267172360870152
-0.0121106266307917
-0.0144534489048039
-0.0217337391268817
0.00354293460651287
-0.00338713910567409
0.0113567206786959
0.00233380430065294
0.0183558665639357
-0.0118955038509279
-6.00453510706882E-05
0.00839281213987129
0.0101561115819197
-0.00116351029101228
-0.0278846319170312
-0.0155761476944182
-0.00346572006355632
-0.0092747410606692
0.0295493889589342
0.0331800005408204
0.00383661602676214
0.00427301089169431
0.00489458727321921
0.0115451686827587
-0.0100716029225988
-0.0331996668948542
-0.00287133911620406
-0.0226825514564951
-0.0043837359210481
-0.0193482618596077
0.0131926816663631
-0.0199150518639895
0.00885181700188452
0.00513961578434887
0.0103292435986424
-0.0209445040193462
-0.00912587148413983
0.00594418636253853
-0.0110594946548316
0.0103539857354262
0.0126428670303326
0.00758747914573472
-0.0158470297288306
0.00457460075347263
-0.0216328852703714
-0.00285930595352029
-0.00591913663860364
-0.0104451801770717
0.00753453562671171
-0.00832977732775834
-0.0162550899168236
-0.0158573026911729
0.00201018652109404
0.018443581268997
-0.0143907819785778
-0.0195565665272159
-0.0205656342723904
0.0249130110341257
-0.0179624082071985
-0.0293293483195048
0.00162881776316234
0.000429296664470823
0.0156008403393284
0.00519978632549882
0.0223149673243435
-0.0038065376375278
-0.0151435556248875
0.00186425443893907
0.0137455146283376
-0.00176673292354829
-0.00415176478160598
-0.0314027063091863
0.00791644627481758
-0.0172313741002209
-0.00353085176683658
-0.00429957859851087
-0.0225252434366377
-0.0217924839084107
-0.00557945776018664
-0.0133413410745762
0.00535188971075922
-0.0459753964185375
0.00620641076295272
-0.00156422536698352
-0.0232437748858418
0.0125129578993409
0.0126231371467391
-0.00388646168169755
0.0116433895057854
0.00260262339890119
-0.014858592704694
0.0098971001882024
-0.0134614032681122
-0.00306332854939983
-0.0189133615856665
-0.0097872436758303
0.0282131755071423
0.00299735579887097
-0.0106428079623251
-0.0242472582075666
-0.00478512311705214
0.00150801362103533
-0.0194209039552568
0.0208868709062951
0.0100719543515538
-0.0198146806003158
-0.0159844069283
0.0129087371097563
-0.00852602140332778
0.00708060815464311
-0.0136553063449698
0.0130477075031746
-0.0174864136926542
0.0184597928823388
-0.0235019635735053
0.00232193574835206
-0.0169868395468082
0.00280027127980761
0.000611898911349655
-0.00820511816592031
0.00763914414960152
-0.00522554990907187
0.00309783096354274
0.0140383939037043
0.00869288325174532
-0.0201735711790781
-0.00877596190980152
0.00103920880562853
0.00273966486337782
-0.0263346302508979
-0.0139293012751423
0.00779332750094211
0.0193231732171728
0.00151353178879862
-0.00535048616435442
-0.00680504034350701
-0.0121223010510313
0.0073285701000075
-0.0267341724215422
0.0177783335318361
0.0056108871677501
0.0112027953899664
0.0186237329936715
-0.00553746068937783
-0.0091175887886862
0.0136231258790382
-0.000396059162049236
-0.000306048054196801
-0.00456571322037119
0.0190919436210371
-0.0142524312887813
0.00470059627840827
-0.0123556035739788
-0.0130624578408988
-0.016702614511092
-0.0149817846386453
0.00777954395607979
-0.0266735951844747
0.0147275650326332
-0.018785111576653
0.0146124649289655
-0.0257630647230434
-0.0023554533630561
-0.00757981393427472
0.00907850431264688
-0.000582836371740362
-0.0134362448821921
-0.00492934078202205
-0.00175904654596645
-0.0044327507823404
0.0173794835711996
0.0218815340896601
-0.0297344302023148
0.0232688057913134
0.00108983057752966
-0.00796826212929161
0.000402818518140106
0.0340042191398814
0.00640136214207284
-0.0235352026752134
0.0135760837077517
0.00134372271412631
0.0246957007765711
-0.00351355139947338
-0.00828043027599774
-0.0153430832122698
-0.0240739864361143
-0.0167468272853991
-0.023384707854907
0.00294970156847536
0.0427344313370833
0.0140731486268302
0.0162522826027436
0.0098129434118445
-0.0167778499160888
0.015741237800578
-0.00228409225827185
-0.00676405735000889
-0.00526221785310758
-0.00234102472706324
0.00514839695974898
-0.00108578765085896
-0.00534678853376719
0.00994555922330966
-6.13870705552666E-05
-0.0223826338472107
-0.0181761281741338
0.0197317550350911
0.0101609916042166
-0.013924444265327
-0.00465853042581555
-0.0105508646706566
0.000360023435250027
-0.00169973362507915
0.00294684959317247
-0.0174367471487149
-0.0372706375002998
-0.0242876261845389
-0.0226325177993703
0.00319315439413437
-0.0264380228858412
-0.0204419508008269
0.00284976497442541
0.0130632961289907
0.00861665142755803
-0.0119972311289657
-0.0158143197831653
0.0201298374709984
-0.00978658587841661
0.00392165145295618
-0.0128486520322661
0.000839329849751904
-0.00592943616910914
-0.0130506947882057
-0.00128092421532295
0.00785156770186693
0.00233389849988027
0.00319831389859358
0.00269504173884223
0.0167094642806387
-0.00856402084365747
0.0399812250588875
0.0172387239772524
-0.00424261990625196
-0.00402486015803691
-0.00756810313574667
0.0364877088573154
-0.00255333453293687
0.00171501323751708
-0.00693388256931558
0.012300602926226
0.0250682595981161
0.00571988841318786
0.000433341003536702
-0.00484655749819937
-0.00898695923422873
-0.0208986620904372
0.0115120400183939
-0.000879545787825023
-0.0101565463358044
-0.0155169771766688
0.00445884249766946
0.0119227336452238
0.0166907352592464
0.00612546856292326
-0.00885537697549711
-0.0015584014216588
0.0339012123910058
-0.00669833861458914
0.00957922260225349
0.00360152496270423
-0.016617853046396
-0.0127492136874889
0.00122256312337892
-0.0139091433348796
-0.035454497531161
-0.0200532214374653
0.00486107654595745
-0.000142680624228538
0.00235987117104782
-0.0396464138333659
0.0264392598585839
-0.0035002409805501
0.0117311432170938
-0.0235608727966768
-0.0168301022325996
0.0152100741519394
-0.00374466750696615
-0.0436607265845636
-0.014080389149514
-0.00379243305846619
0.0151890347169411
0.00228519464634598
0.0180641840398302
0.0188234893580147
0.0125643081147497
-0.00274802364687802
0.0121662342820727
0.0053745174987567
0.000977823962069102
0.0014216761042217
0.00461030291741932
0.0261660435862085
0.00715658522522046
0.0013513682346476
0.00862526233830643
-0.0117934637679962
-0.00300387807318234
0.00186826494364708
0.00750823384129069
-0.0195025081975155
0.0206554260731143
0.00998787966522529
0.0315850886022522
-0.00928300376137172
-0.00822458466268677
0.0193361929694824
0.0100241148261726
-0.000103965499550215
0.0168046168556501
-0.0166817457605966
-0.00282455317569173
-0.00921459706090696
-0.00174957409809092
-0.00912107826543734
-0.000785115279107287
-0.00594291098647228
-0.00528151759703426
0.00490419647713262
-0.010519198774028
0.00410104255177267
-0.00122200161612859
-0.0047701534846991
-0.00848168635152471
-0.00296666906070096
-0.0145600811342901
0.00802287858255856
0.0182695656084054
-0.0110613586930567
-0.000812220436851595
0.011839215775903
0.02144389951797
-0.00479930973606381
0.00724984752752378
-0.00636539403008723
-0.00646823015167305
-0.0135195076221075
-0.00100841801356667
0.00673298499915954
0.00354762105046125
-0.0286570443494025
-0.000331652354536042
0.00624635661580528
-0.0247650438906997
-0.0291007574227783
-0.0163684055719371
-0.0280743646873568
0.00982545185467413
0.0166817677753501
-0.000922787872585883
-0.0186288099620939
0.0013582059617028
0.023302926545239
-0.00941613096791151
0.00638925635783932
0.00817680248280489
0.00167140160194414
0.0282833207359391
0.0279117996462454
0.00927674487340204
-0.00496321085491822
-0.0156151049645556
-0.00301674674241821
-0.0086123190379687
-0.0173192756532803
-0.0022647880594814
-0.00351273079055946
-0.00222290492751616
0.0015516283884092
0.00286640421167087
0.00517818440917237
0.00086925321279117
0.00551028248739865
-0.0223732672748459
-0.00786527739761284
0.0142719632975511
-0.0125274185753109
0.0262844943831865
-0.0305177254830485
0.00558193492606336
0.00847317279294508
0.00271052406535858
-0.0052930258278791
0.0127304531981322
0.000802815513954333
0.0213102019648422
-0.0204579690192192
-0.0049041859856462
-0.0196236430235326
0.00621728192404979
-0.015061803824856
0.0224472203286332
0.008383592952768
0.00478623379432565
-0.00107215281071709
-0.00951518059468697
-0.00290770238973787
0.0133823363859626
-0.00529302083686128
-0.0200028530376942
-0.00531264400976918
-0.00805120480759746
0.0117892491588631
0.0113277669373394
0.000859436228956228
-0.0126265097861134
-0.00359842490844891
-0.00847324503936034
0.0365588509045661
0.00668227470877238
0.00256144455120339
0.00386188493422257
0.016031399130801
0.00670403747656497
-0.00847642295720442
-0.000816938810962478
0.0135986917205923
-0.0162783053582484
-0.0275166073890579
0.0175378596402631
-0.0137695026419867
0.00436593984952616
0.00648333097934625
-0.000575018703953344
0.00816950167283202
-0.0189893954325868
0.00724091119752033
1.62015754671046E-05
0.00610941061653759
-0.0223867001492802
-0.0120380503448764
-0.00430148165138733
0.00598479444644154
-0.0221632657891349
0.00109365558247085
-0.0247147664905415
-0.00765297332088111
0.00608482977390619
0.00776497128617696
0.000772661727718064
-0.00812855249215197
0.00104273283694038
0.0116447638535552
0.000782197439531203
0.00942285215219845
-0.00655607355515804
0.00855159347609776
0.00032001265639348
0.00219641280547684
-0.0238787522552549
0.00359932104770729
-0.00629615957061073
0.00642837324285009
-0.00189860212543569
0.0136821474477007
-0.00906967147904261
-0.00495053594889696
0.00545980702175674
0.0013158889182159
0.0202855687715299
-0.00368453684037316
0.0191774870404333
0.0298444884549213
-0.00370937023044693
-0.000408791809648105
0.00393320714703082
-0.0254256504440183
-0.00535881043116546
-0.0107711835568144
0.00989286414421644
0.00942143790086557
0.00970867985977926
0.0104135007152796
-0.00793020865184889
0.00122318723404158
-0.00685667375480811
-0.000903812260095329
0.0228527291790956
-0.00548266295748538
0.00875511814321911
0.00623472530238383
0.00542684592264496
0.0054613278050894
0.0184088954814507
-0.0289722197237852
-0.0242840354365474
-0.01081099123383
-0.000867589227601333
0.00189123772484351
-0.0418315337975054
0.00521238204704099
0.0171716331085006
-0.00180938617184146
0.00675657057068454
0.0180776832919738
-0.024961652171308
0.0204667779609623
-0.00492532110581579
0.00256641236143617
-0.00913427602107266
0.000598435828825258
-0.0168557999814035
0.00804647721615432
-0.00346763736581428
0.0122718851885361
-0.00819530349087857
-0.0238263286520003
0.0138261624114459
-0.000261330468563016
-0.00768085673692418
-0.0206904682691201
-0.000591684553702099
0.00354661123530729
-0.0183147056498365
-0.0033568952684972
0.00618887597804789
0.00753386620172924
0.0169077924241481
-0.00337620618121638
-0.0114437195639799
0.0133263915620446
-0.000933450101880089
0.00503188445032084
0.0272162604601941
0.0146465919118371
0.00435553970802594
-0.0129526855361029
0.0163660241482111
0.022533471129989
-0.0123547825282228
-0.0181955644045241
0.0119778463987476
0.0230609250325656
0.0254656327110437
-0.0188981292141233
-0.00288265517220316
0.0142999783519729
0.000719806427003705
-0.00390562529109846
-0.00707401634673387
-0.0060955044640876
-0.000365161364289788
0.00381898641002476
0.0165054959376379
-0.00417226004892289
-0.0145580132173387
-0.0218230946917395
-0.016588414614226
0.0131096561517793
-0.00354588203597966
-0.000237104111008972
0.00829855289402879
-0.0302865974748055
0.00455788500832235
0.0100197065119909
-0.0120703017292144
0.0139827579006435
-0.00672223204633376
0.00416895884151077
-0.00151478335153751
-0.0157778521003483
-0.0103235806158622
-0.00483414399626451
0.0190859111138988
-0.0116246009091536
-0.00149672255837129
-0.0109270352638059
-0.00124780492639373
-0.00739441325001404
0.00565124605190453
0.00832847979069257
-0.00705041036945153
0.0348890978915817
-0.0173899273720929
0.0164582444482564
-0.00105391218106722
-0.0171683049396347
0.0101867742633503
0.00917670655582853
0.0198068224645678
0.000127345026843809
-0.00571639881152343
