0.986801110199996
-0.00564094869355726
0.000125664213867924
0.0195453943975697
0.00905558421727117
0.0100523201524309
-0.0169417023746837
-0.00104000171033044
0.0162410138934824
-0.0171603996370786
0.0344286005332892
-0.00695735277994034
0.00821855310373366
0.00557665587803274
-0.00729681520439141
-0.00123133528667837
-0.0107828105295182
-0.00147696748226216
-0.0114711690827846
0.0188339982763738
-0.00477033866238048
-0.010187320812972
-0.015569601969195
-0.00149478989300969
0.0041139332131809
-0.00663350604634414
0.0137982010200128
-0.0119109871468377
0.00988745750991079
0.00449772598637642
-0.0298868480123184
0.00818902120888101
-0.000233974599976645
-0.00349908032974295
0.012936623244916
-0.0163694659577761
-0.0215350540698082
-0.0143658636051761
-0.00411719084832027
0.0162876417156626
0.00376858002925113
-0.000360341639683308
-0.00601505057239066
-0.0069806471845299
-0.00385407537328112
0.000710305781296383
0.0141112345135628
-0.00284460732425385
-0.0186486948891999
0.0251295146312033
0.0227565464243746
0.0118197521240892
-0.0179554031550999
-0.0121917131151298
0.0222360543277327
0.0161500107990146
-0.0127817244670978
0.00429805141940018
0.0144532731592471
0.0268570360376119
0.00496546916197471
-0.000921129596851584
0.0131504979883854
-0.0112926751705528
-0.00333164400788843
0.0166846283351805
0.00743442753196463
0.00610718968602776
-0.00331258797777811
-0.0180729718682447
0.00349979990444901
-0.000583874974481406
-0.0204173770585255
-0.00757947795528387
-0.000257881196507101
0.0136436724174202
-0.0235118475657839
-0.0080871345832249
0.0121099099282943
-0.00342186840235652
0.00794027265010004
-0.016633322134958
0.000590537140268206
-0.00901371371846775
0.00253253856749622
-0.00486031233531049
0.0201966392140944
-0.0246321860750729
0.0178390779423637
0.00666739134029613
-0.00178550428315368
0.0169449866154154
0.00514358439080659
-0.0412794039927469
0.00186627548652769
-0.000856138012994558
-0.0106682981519059
-0.0239635131289211
-0.0285898185883895
0.0181659184986512
0.00538924434122832
0.00535521758135034
0.00615243385018436
0.00863956030366072
-0.00541029789329896
0.0225510985250313
-0.000891882941674444
-0.00676617327352377
0.0012070425205347
-0.00782553870176209
0.0102760540669063
0.00958053606420651
0.00929708538025448
0.00976228932057049
-0.0106290158920324
-0.0052880800828254
-0.0250900600857143
0.00388129317933656
-0.000403396211601427
-0.00366041066154786
0.0294505743406673
0.0189243655023456
-0.00363590504465305
0.0200178217847841
0.00129852064539533
0.00538774363054729
-0.00488519437045651
-0.00894996188466846
0.0135015582913111
-0.001873542685208
0.00634352585282438
-0.00621305725427499
0.00355181400584375
-0.0235635792356762
0.00216742259490205
0.00031578884460714
0.00843872193619231
-0.00646954066278283
0.00929848096503984
0.000771873301724973
0.0114910658987051
0.00102896992113477
-0.00802126462357448
0.000762463450721221
0.00766248228587051
0.00600451677626866
-0.00755196256937645
-0.0243885590112
0.00107922054295864
-0.0218707352863759
0.00590580180406731
-0.00424470686909391
-0.0118791614449675
-0.0220912205610241
0.00602877317906695
1.59877326579339E-05
0.00714533920857263
-0.0187387564949034
0.0080616733205314
-0.000567429095446925
0.0063977582082129
0.00430831429057881
-0.0135877604940142
0.0173063793635434
-0.0271534187204597
-0.0160634497996941
0.0134192040871479
-0.000806156125623216
-0.00836454358469413
0.00661555162469668
0.0158198024603337
0.00381091234055546
0.00252763632684323
0.00659407610127794
0.0360763146602619
-0.0083614076118374
-0.00355092969462868
-0.0124598538748879
0.000848092624880099
0.0111782529898533
0.0116336441583904
-0.00794493784258476
-0.00524252300693759
-0.019738837584764
-0.00522315883812642
0.0132057044027378
-0.00286932394632448
-0.00938959077459057
-0.00105800158391967
0.00472306082191728
0.00827293883325634
0.0221509419411992
-0.0148630047359825
0.0061352207050787
-0.0193646327217904
-0.00483945617526292
-0.0201879465406027
0.0210289309574924
0.000792219240455947
0.0125624253492659
-0.00522316376326831
0.00267474815691965
0.00836133631899462
0.00550825958210342
-0.0301149253874509
0.025937568238374
-0.0123620705580568
0.0140835892267571
-0.00776146446799527
-0.0220779649856191
0.00543755287608061
0.000857780035427272
0.00510983812379157
0.00282857085835874
0.00153114861630003
-0.002193565050342
-0.00346636664395779
-0.00223489537146392
-0.0170906804425167
-0.00849864598806405
-0.0029769290346105
-0.015409002914913
-0.00489770198178996
0.00915430214011527
0.0275433948785949
0.0279100123023673
0.00164934095638852
0.00806887776791793
0.00630492526726821
-0.00929184849292366
0.0229953537857508
0.00134027915088856
-0.0183829303522989
-0.000910608097146844
0.0164615869608139
0.00969576679840905
-0.0277038142416432
-0.0161523607905913
-0.0287166597324582
-0.0244381728054941
0.00616391164318176
-0.000327274911656617
-0.0282788031790409
0.00350079639116402
0.00664411707213052
-0.00099510801533326
-0.013341065130853
-0.00638285669470007
-0.00628137789575052
0.00715415758894117
-0.0047359641757414
0.02116086385135
0.0116829512715583
-0.000801500028812279
-0.0109153610386287
0.0180284276252461
0.00791698549226857
-0.0143679042279195
-0.00292751232269569
-0.00836973750805278
-0.00470719275452547
-0.00120587255146188
0.0040469133430667
-0.0103803570286253
0.00483946652827338
-0.00521180742829422
-0.0058644711592706
-0.000774752629058061
-0.0090006901585546
-0.00172648166237324
-0.0090929746097486
-0.00278727220959151
-0.0164615652366309
0.0165828145696411
-0.000102593270378681
0.00989180763923939
0.0190809766893265
-0.00811602927607318
-0.00916047841771234
0.0311682004984677
0.0098560507421883
0.0203827973806032
-0.0192450967409929
0.0074091334902268
0.00184360592053865
-0.00296423021752176
-0.0116378031393621
0.00851141845120699
0.00133353167423928
0.00706212624548845
0.0258206808604121
0.00454945203726764
0.00140291155799077
0.000964917771349926
0.00530357983456243
0.0120056534965026
-0.00271175278559507
0.0123984731965298
0.0185750401963267
0.0178257568653615
0.00225503261403728
0.0149885563215437
-0.0037423771524536
-0.0138945436447883
-0.0430844534657857
-0.00369524205320405
0.0150093180593581
-0.0166079635679087
-0.0232498954330417
0.0115763051505433
-0.00345404168557434
0.0260902909813168
-0.0391231251862139
0.00232872349151895
-0.00014079739839274
0.00479691573231789
-0.0197885411775771
-0.0349865375253327
-0.0137255580847901
0.00120642664743989
-0.012580938220991
-0.016398515835324
0.00355398883160954
0.00945278749875662
-0.00660992798137206
0.0334537540245704
-0.00153783225303019
-0.00873849583066002
0.00604461917838788
0.0164704360838786
0.0117653667977258
0.00439999072690715
-0.0153121703048848
-0.0100224911999695
-0.000867936759897443
0.0113600938708178
-0.020622822952538
-0.00886834134965902
-0.00478258831987123
0.000427621383385212
0.0056443922363539
0.0247373864022027
0.0121382486237291
-0.006842363017397
0.00169237696678952
-0.00251963335181407
0.0360061116090532
-0.00746821257646288
-0.00397173647235055
-0.004186622033646
0.017011191959184
0.0394535172752661
-0.00845098527629708
0.0164889179029814
0.00265947017992488
0.00315609970590023
0.00230309363077596
0.00774793572501273
-0.00126401743776274
-0.0128784401058826
-0.00585117419453695
0.000828251627559153
-0.0126790640900136
0.0038698900075946
-0.00965741380988911
0.0198641459645267
-0.0156055883190853
-0.0118388809973892
0.00850292119492064
0.0128908751229593
0.00281215124057206
-0.0201721397449097
-0.026089070335241
0.00315100830117182
-0.0223337936910398
-0.0239670564830255
-0.0367787064631575
-0.0172066014446284
0.00290795445013501
-0.00167729902827235
0.000355271525602736
-0.0104116049705738
-0.00459704299609525
-0.0137406570599426
0.0100268777957738
0.0194713177748222
-0.0179362234613727
-0.0220872079296275
-6.05768293758885E-05
0.00981428888312177
-0.00527621686112605
-0.00107145645930907
0.00508044383563057
-0.00231012579967165
-0.00519276241956082
-0.00667477930244525
-0.00225394477626189
0.0155334709375325
-0.0165564009239653
0.00968342345313783
0.0160377705156714
0.0138873986889656
0.0421703842871992
0.00291076878253016
-0.0230760556729248
-0.0165257877575593
-0.0237562365420972
-0.0151405715477588
-0.00817113778928818
-0.00346717642174511
0.0243697449434872
0.00132598706610081
0.0133968944749775
-0.0232245641286824
0.0063168712685897
0.0335554011987189
0.000397501760909784
-0.00786308991554956
0.00107544602383618
0.0229616833878961
-0.0293419687348085
0.0215927221325557
0.0171500936827624
-0.00437424339325344
-0.00173582908445318
-0.00486427895625347
-0.0132589013666661
-0.000575143578698327
0.00895867813467541
-0.00747976880545166
-0.0023243639936881
-0.0254230208708535
0.0144195966146616
-0.018537168959072
0.0145331775247452
-0.0263215333410648
0.00767686261270922
-0.0147840417141925
-0.0164821585427882
-0.0128900478993395
-0.0121925233239933
0.00463855362613526
-0.0140643150188186
0.0188399511611152
-0.0045054508747171
-0.00030200855965596
-0.000390831620815046
0.0134433157418291
-0.0089972467390226
-0.00546437235596689
0.0183779203942233
0.0110549309281622
0.00553682968634271
0.0175436792667217
-0.0263813110258559
0.00723184111086589
-0.0119623001353363
-0.00671522136592848
-0.00527986568709469
0.00149355484950943
0.019068128783293
0.00769046423008183
-0.0137454499626206
-0.0259870423682925
0.00270350432875714
0.00102549240312386
-0.00866012895566503
-0.0199073024362129
0.00857814684366122
0.0138531026896002
0.00305694303403586
-0.00515657845167762
0.00753831592780459
-0.00809681971545233
0.000603822525050009
0.0027633108077753
-0.0167626321235796
0.00229128877428687
-0.0231917637462149
0.0182161441103538
-0.0172556124453276
0.0128754922496975
-0.0134750714613372
0.00698715198789298
-0.00841348738639278
0.0127383561111873
-0.015773430502735
-0.01955314881465
0.00993901573599694
0.020611187398936
-0.0191645695841349
0.00148810951543437
-0.00472196480435074
-0.0239272213185326
-0.0105023347128677
0.00295779402999028
0.0278407929127154
-0.00965806292510722
-0.0186637262103496
-0.00302289601345508
-0.013283727689823
0.00976646945347875
-0.0146624757770016
0.00256827165946819
0.0114897096908001
-0.00383516470224892
0.0124565257506089
0.0123478007469553
-0.0229369828625874
-0.00154357932874234
0.00612449303123892
-0.0453685722276978
0.00528125070824511
-0.0131652501839486
-0.00550581511206618
-0.0215048473148352
-0.0222279352307993
-0.00424282893440268
-0.00348424844346594
-0.0170039390923694
0.00781195797282856
-0.0309882254491895
-0.00409696609577802
-0.00174341401038431
0.0135640890955138
0.00183964835004033
-0.0149436775030144
-0.00375629556673048
0.0220204345297388
0.00513115491880499
0.0153949265669021
0.000423630425104952
0.00160731917700209
-0.0289422334831297
-0.0177253243607289
0.0245841869468999
-0.020294190731962
-0.0192984415607569
-0.0142008396331068
0.0182001464723102
0.00198365429072465
-0.0156480039004268
-0.0160405407763222
-0.00821983351475071
0.00743508812128053
-0.0103073153949733
-0.00584101060639955
-0.00282156628933532
-0.0213473552016316
0.00451422110224852
-0.0156378665297824
0.00748733284463035
0.0124759952216432
0.0102173246187135
-0.0109135216036387
0.00586572970178866
-0.00900542011209167
-0.0206680598188791
0.0101929090506666
0.00507177856199692
0.00873498284474679
-0.0196521952890752
0.0130185529148822
-0.0190928862835011
-0.00432587547371387
-0.022383166959438
-0.00283344062763085
-0.0327614681501122
-0.00993866894551404
0.0113927852735925
0.00482998415518354
0.00421661189182062
0.00378597695461997
0.0327420613701179
0.0291593698304078
-0.00915232477548585
-0.00341997640635977
-0.015370559837491
-0.0275165857332446
-0.00114815324690002
0.0100220621843534
0.00828203633732497
-5.92528190989092E-05
-0.011738496406484
0.0181135895039747
0.00230300067487382
0.0112068245739684
-0.00334243262988101
0.00349617180307287
-0.021446877899204
-0.0142626794254794
-0.0119507798044828
-0.0026364598232142
0.00262786721079629
-0.00271835851151119
0.012069326889085
-0.0205652588012326
-0.00245956714758426
0.00530130305233938
-0.00707773849387371
0.0244030166141431
0.018624009792111
0.0186541920982434
-0.00106356590569717
-0.022354536887111
-0.015920310296853
0.0109962355212135
0.000970651128660339
0.0143311600872122
-0.0114393343691737
-0.00426402726617823
0.00899186145301978
-0.0184203729967741
0.0202469759630213
-0.00387541499472678
-0.00162839181832383
0.00986030477969681
-0.00822739898693512
-0.000668490061677943
0.0147340411581716
0.0129073850640114
0.00751486306499574
-0.0205896899530368
0.00884891199322616
0.00671276710966696
0.00733572972622819
0.0085805097230228
0.00860635672903198
-0.0196780971962276
0.00486948567546782
-0.0121565919385564
-0.00106957937381874
-0.00417471649681044
0.000726795981400542
0.0186245533777019
0.00738414765943576
-0.0125922362369896
-0.00723636094351275
-0.0131811826787397
0.0122202598423278
0.00452943616919009
0.0236656772622215
-0.0325821339685144
-0.0198775485592758
0.0245874289316195
0.00369001130279422
-0.0118061701265263
-0.00305875480199087
0.0294771582913723
0.00773175722480136
0.00394860009743101
-0.00579030021827352
0.0030873500299843
0.0077163566534705
0.0169470412720431
-0.00662213605825193
-0.037523346526378
0.0162204170536593
0.000486362513061517
-0.0150768483469963
0.0161779977409458
-0.00332722776687509
-0.0334761378968989
0.00806150943236761
-0.0109377575948114
0.00320275916022762
-0.0109860617116109
0.0240152417528261
-0.00137256462137879
-0.0134649187755331
-0.0192761113694629
-0.00163744001554682
-0.000903977131216419
-0.00213948666906899
-0.011137910587744
0.0243511814621284
0.0081551309028305
0.000401646361041354
-0.00764876500936385
0.00927255261857651
0.00056333070030342
-0.0154946492302835
-0.0058459702474597
-0.0202168729990789
-0.000221094520939089
-0.0130708758012436
0.0183877660485826
-0.0199324926803835
0.00864687639785789
-0.0191686720683515
-0.00596666646333146
0.0202330771194762
0.0224126163692306
0.00210053257774628
0.00832149555947802
0.0117638990644228
0.000138775868134023
-0.0165367268103395
0.0124630044889573
0.0303484600221493
0.000510615444387663
-0.00664855892129975
0.00820629187101842
0.0168208579568946
-0.0256337294878859
-0.0079239158829335
-0.00558617820607412
-0.00347364926512493
-0.000828219080089913
0.00119125647437191
-0.0239532249970721
0.00287341944936527
0.01722219409664
0.0152319902502031
0.015186536619327
-0.0141204414825906
-0.00471226050146025
-0.0228850585472404
0.00225781176255661
-0.000732142390886162
-0.00928400923547554
-0.00583580802292307
0.00590016658195589
0.00446179201045334
-0.0135609583537344
0.00754207576511207
0.0184068657762252
-0.0196295593250153
0.00787279079901334
0.00447019071032904
0.0180437006100693
0.0270695216787821
-0.00599401139744255
0.0208679885258599
0.00729338211351335
-0.00227351439105487
-0.00541915521263662
-0.0310057877947486
0.00370224405127736
-0.0264561893384176
0.00232665985294293
-0.0126017495956907
0.0190872773520232
0.0154800794662662
-0.0152495080573273
0.000489763938753346
0.0014090896283718
-0.00597792945781153
-0.00485409300815204
0.0143439574416497
0.00803107864777876
-0.00319321028293095
0.0159525557736707
-0.00382762558721245
-0.0010445481514111
0.0160884971446711
-0.0150604944428025
-0.00127117645955302
0.0183642243992688
0.00959440071695051
0.00770299063004156
0.00618972033909518
0.0022307566058357
-0.0232392306529948
-0.0287586344818564
0.00777834265421222
-0.00288957669751773
0.00310711091264945
-0.0354798963502646
0.00125002754574399
-0.0141656243864085
0.0176009930653263
0.014632675187024
-0.00529808370329022
-0.00201767364051198
0.00605824953424265
-0.00925318549396505
0.0115449394377666
-0.0214459037128613
0.0296035675065638
0.0201372449604739
-0.0173742921670036
0.00569607845197432
-0.00425513399857003
0.00202937538212431
0.0103007096863565
-0.0203717683510107
-0.00878112884134883
0.0179107480970641
-0.00754652428751667
0.00338613256080085
-0.00574605324977001
-0.0175617837280957
0.0106811245758473
0.0226214123172923
0.0234840022247631
-0.0128153024331325
0.0165021800820923
0.0160695107680265
0.019092668829977
0.00276784894245269
-0.0177896376407861
-0.0241765501014469
0.0130440944693233
0.018185226586055
0.0117309386746414
-0.0129026032512854
0.0150350679281602
0.0120945766595429
-0.0191370608639643
0.0025616811386471
0.0262641994995715
-0.00903525671470789
-0.00187377500619518
0.0220663684086657
-0.01997770149744
0.0174832971885719
-0.0137034845673128
0.0169138471524862
0.000280163243154811
0.0218280862836743
0.0157161659039052
-0.0190332892883859
0.0056246257708999
-0.00175250160164307
-0.00791063596371184
0.021427206124855
-0.0113125120849854
-0.0255959128257214
0.010286524138288
0.0366288875115059
0.000478012910731202
0.00244427211202746
0.00424590263479485
0.0233363822764178
0.00991493963645736
-0.0079321983611076
0.015130129735587
0.00403614325559649
-0.00690716978069004
-0.026885660123199
-0.0199608330973499
-0.00776953471546899
-0.0143047724310038
0.000319721688132593
-0.0132797174861019
0.00819252113716092
-0.00843652128747192
-0.0202247219895089
0.00686316499276743
-0.0209960539386418
-0.000347977482142575
-0.0129102616414907
0.0152177332933891
-0.00136545391588797
0.00107631799017608
-0.00958765139978198
-0.0184316313583574
-0.00183100517914734
-0.0258545282335384
-0.00485577896029994
0.0236937410984027
0.00668445431628123
-0.0313679400460753
-0.00573940812394649
0.0143985773301825
-0.00613735720176975
-0.0264466122937376
0.00419570454612866
-0.00403106010793049
0.0205712987098397
0.0106277442061003
0.00628138013856319
-0.00142914032713054
0.013580411553007
0.00465372230339336
-0.0108826837558591
-0.0204614778088269
-0.0123953827961945
-0.00329075468007009
-0.00188516930275344
0.0116850645891183
-0.0108174394228194
0.00107335208401722
0.010863333797614
0.016878058569532
-0.0287219184055921
-0.0165673939621743
-0.0274356053044466
-0.0120974423183878
-0.0111316338670325
-0.0130533300109369
-0.00714293448217431
-0.0044305215967815
0.0100414090847337
-0.000801215256099001
0.00627132662651045
0.00561183754137038
0.0213871709505762
0.00476792237048086
0.0188665153574932
-0.0113758208313649
0.00355711289061213
0.0152660060095284
0.0175003345264833
0.00474798180324433
-0.0204600680338481
0.0186904272722826
0.0190902759907025
0.00790022553530382
0.0136341066590579
0.00689315247661483
0.00909468077475034
0.00417424015815479
0.00435071371585789
0.0344475576073783
-0.0127588924578578
0.0148342246108744
6.17536790960968E-05
0.0139779558185322
-0.000820049374152857
0.0143601384995845
0.00863482600281793
-0.0215227347368621
0.0204207355901006
-0.00835620210809305
0.00100577477591926
-0.00687673049453635
-0.0142405466818044
-0.000549649630675527
0.00176355480694418
-0.0105396564011257
0.00269541705975266
0.000573323219302014
-0.00829207818165071
0.00145061849856083
-0.0177898706083291
-0.0002204103269626
-0.00611252817251485
-0.00270213270260283
0.0265764542865149
0.00494129817832217
0.00311589243055927
-0.019829140533011
-0.0143232470738232
-0.0394369578953976
0.011054284752851
0.0152720316716329
-0.0110740327673647
0.0117302880449391
-0.00699784405364972
-0.00830077494876665
0.00795199333125114
-0.00784737779748756
0.0265437187981591
0.00531252016529886
0.007139853648798
-0.00133452362151111
-0.0166716511826472
0.0106642954564744
-0.020529386510237
-0.00135176626582208
0.0125175939583819
-0.00390405654532476
-0.00732045385886014
-0.00885936065522793
-0.00551271834490372
-0.00435276050909091
-0.0232718956836618
-0.0104107210354582
-0.0271734774559016
-0.0102525313460225
-0.0114624106558944
0.0104201297460385
0.00928171738113075
0.00817329748973519
0.00476080339460324
-0.0204125527786324
0.0238831570278989
-0.00764574159570774
-0.00178771273477637
-0.00933484164631673
-0.00843386676257424
0.0025518158934806
0.00531325555041554
0.0267234383939594
0.0129851538599646
-0.00418485362195599
0.00511714568647407
-0.00244015648716791
-0.00654109146673659
-0.00698108326171281
-0.00174145594042093
-0.0271849421104349
-0.0265132569155109
0.0392097617003925
-0.0049864506766699
-0.00411178576988348
0.00379215881843897
0.00392534138074912
-0.0190605707753539
0.000578676194191836
0.0318370812101758
0.0189984631898736
0.0110652566027154
0.0212063261548982
-0.00341739815255858
-0.00852453226027274
-0.00309105570996399
-0.000467303961916671
-0.0350939350258108
-0.00392745518533951
-0.00793884379854201
0.00594599946001354
0.00228048506104074
-0.00944595128399732
0.00278688459690873
-0.0088017703418916
0.00260344932833579
0.00809490674713599
-0.0152862973267009
0.00746437598016783
0.012613895924541
-0.00669093641943385
-0.00139517889476781
0.00253065413712798
0.00239353941599319
-0.0183194280970278
0.00475401722946533
-0.0247936661990815
0.00204809259720613
-0.00114731433550942
-0.00155840397486203
-0.0132926683371826
-0.000775444028128536
0.000476562799639411
-0.0205090166674347
0.00388343413696978
-0.00861995041520686
-0.0117028342216442
-0.0134334857935934
0.034364008336501
0.0229699540725933
0.0164716252482068
0.00558901709915504
0.0272146596570492
0.0175232720257506
0.00329953893533448
-0.00275395014426085
-0.000903177595813051
-0.00368593767588048
0.00509841485149419
0.00590980793898717
0.0107456662297533
-0.00158843583402835
-0.0221642898922075
0.00229381603878264
0.00708278795060664
-0.00464142824331674
0.0143282577772759
-0.0129041941403293
0.0318167153290525
-0.0165001947674836
-0.0264852294492306
-0.00113111900077842
0.0132761499860807
0.00466823728940943
0.00425378669712093
-0.0081973756889592
0.0255834642415604
0.0113994068394181
-0.00580436585414088
-0.00864140285114428
-0.00983002114906834
-0.0264198905562733
0.0195470680123821
0.0141057812294224
0.0104297809926304
0.00319382235814144
-0.0223071898257176
0.00196487940903296
-0.00183828653336545
-0.0102655519793542
0.00510511178881837
-0.00391063741143059
0.00214355840170647
-0.00679098779834146
-0.0105884074063752
0.00388645411322963
-0.0200372934069934
0.0100436731268975
0.0179595397078493
0.00564756216122373
-0.00527365023432828
-0.00656947300082597
0.00355556091368925
0.0219859076217377
0.00829403159185937
-0.00750374259097739
0.00328511463046876
0.0117563223596442
-0.00458982390155502
-0.0323605683375065
0.0143414210867148
0.000861243842562928
0.0231090271118042
-0.0217346926010833
0.00455270593597353
-0.0051889129727517
0.0103947125465962
0.020437548431058
-0.0336161785259333
-0.0240884455266397
0.0166191957618366
-0.0262547649518561
-0.0215948343755575
0.00890845451783353
-0.0154612247450769
0.000503572558512149
-0.0155265190402656
0.0234943288722213
-0.0164596685629558
0.0167644123259127
0.034056186060494
0.0155192011451885
0.00840171187875382
-0.00218650271549387
0.00168748433858653
0.025096894963045
-0.00137590854365501
-0.00280672916655769
0.00486910155595159
-0.0210998824358923
0.00941098864882714
0.00186124529159452
0.00399884689741194
9.7315550860411E-05
-0.00278331746574095
-0.0320687662702366
-0.00181561014422992
-0.0117297230109273
-0.0110127872240235
-0.0173879630685883
0.00229066413451993
0.0101605084864982
0.0183011429111761
-0.00143268213446383
-0.0107128289083004
-0.00156489636699976
0.00650090562909561
-0.00161511337316631
-0.008353117638479
0.00563295683174555
-0.0168444562798073
0.0146928006646756
-0.00342120283948085
-0.00731925059246142
0.00902081162150828
0.0102210842005848
0.0127086866392351
0.00120426130337624
0.00676166081578142
0.0154197114037478
-0.0186014967754018
0.0102198671000661
-0.0384522023470057
-0.0216811047338622
0.024668959216465
-0.0144339242905762
0.0106419780993393
0.00637261492957483
0.00371011729896413
0.00252769891981924
0.00738151339837969
0.0134966684441086
0.00549406472777686
0.0202061742903865
0.011489799397636
0.00750030698059803
0.000523706536765794
0.000787002225743773
0.0126109909070793
0.00192056851714078
0.0181589142457569
-0.0120294799954923
-0.0144527011529364
0.00775450460352681
0.00241140536066237
0.020263740767931
-0.0140286613774964
-0.0108344868447189
0.000937206933661189
-0.011362227253337
0.0114660181493325
0.00361590336631385
0.0204059724382013
-0.00910324911677439
0.00304094446904921
0.00399235248591064
0.00211583965575803
-0.00487577440335557
-0.0149542122673373
-0.0102625689884175
0.0139177895174879
-0.0160662715956158
-0.00571170884572643
-0.00293351198836298
-0.000882501332113039
-0.0106697601168987
-0.00185141614618166
0.00702119141530494
0.00219155138738782
0.00201251811308422
-0.0253965536019227
0.00300557542507296
-0.00567851015834925
-0.0177881494136728
-0.010012697930229
-0.00114549707856678
-0.00198598576418432
-0.00265733201934845
-0.00581421898577324
0.0113286081657042
-0.0173615517024249
-0.031918497635183
-0.0171839621691267
0.0293274522296288
0.0200407961233834
-0.000845667905190187
0.000964699326401647
0.0122751956045685
-0.00715185782732925
0.0092549092383004
-0.00645668662563342
-0.0129332167667716
0.0138758695574347
-0.00272068689468838
0.00778165837198719
-0.00392542325258319
-0.00221026827930389
-0.00202660430432508
-0.0133871192406333
-0.0222289599004359
-0.0165951038280708
-0.0132985527396782
0.00296289045243701
0.0161007345933767
-0.0208048695212709
0.0263749655037705
-0.000726394523658127
-0.00785882211376128
-0.0202615084289377
-0.00719906446708772
-0.00427129993754612
0.0155345803556638
0.0223900072437274
-0.015294716539731
-0.0148280746012138
0.0331516425218254
-0.00587643026219394
-0.00339309217165393
-0.00619835732984069
-0.0132606716212496
0.00187102140744912
0.00182146836886676
0.00275961292867846
-0.00558702407484184
-0.0158565128644026
0.0160171637725932
-0.00497557122941452
-0.0243694369966771
-0.0180584603591303
0.0324918781879498
-0.00246156870869445
-0.00434857907329085
-0.0214304456306842
0.00101974131359359
-0.00269874546037085
0.00209512247506453
0.00166872211190926
-0.00430555575918612
-0.0261113894503718
-0.0168936490907361
0.00509517858054469
-0.0260556026558645
-0.0191268560975337
0.00917505713342762
0.00184227364333295
-0.0179590995672124
0.0229425320830669
-0.00338028813446085
-0.0309546256663532
0.0207636181757892
0.00500700065405716
0.0120320566154202
0.0187490974499018
-0.00831173668670115
0.0128306586139406
0.0250838203333182
0.0121618663103994
0.00736345785762344
-0.0130184756198141
0.0321841662124061
-0.0139928729998222
0.00873264121355396
0.0110613825815493
-0.0228452848810072
0.00068990370200443
-0.0166220934970625
-0.00735669226964134
0.00246906246552753
-0.00593738425535021
0.0219371278820038
-0.0185880583465289
0.0245171308686239
0.0131477283472673
-0.0132596675749816
0.0303078268721732
0.00663766705040274
0.00781796616970928
0.0212117747854077
-0.0131722814683979
-0.00563987713850408
-0.0126118213910343
0.0120866776194246
-0.00765128439692944
0.0160220030727928
0.00596235985345064
-0.0126249274491466
0.00960294283171474
-0.00119504811817318
-0.00342851570313986
0.0192626816666373
0.00076312438506943
0.00549791478184196
-0.0164352039062102
0.00563338484872066
-0.0120627790012884
-0.0101898753726639
-0.0340590338488495
0.00153657368231955
-0.00646638694216635
0.00309004958499847
0.0177762944808659
0.00798849558693531
-0.0121192234746598
0.0126414693249442
0.0079901706600521
0.0183144884480236
0.0074099488702608
-0.00770363306229647
0.0149127197205121
-0.0176684171397525
-0.00152980036194857
0.0177728155793214
-0.0252657110647205
0.0133565847167722
0.0203592157519711
0.0126112500879724
-0.00366697714834157
-0.0105679513989249
-0.0162362958008893
0.0130251867782688
-0.0165230129784711
-0.00953204440658736
-0.00898956203978752
0.00439540928941975
0.00988964457916522
0.0190646830161712
-0.00283200339026055
-0.0121879359399951
0.00592783019321875
0.000463986417970197
-0.0120559314819888
0.0260722981443732
-0.00277375579985432
-0.00775488722808124
-0.00833519033988769
4.83111527416964E-05
-0.0157209735739685
-0.010685959853718
0.00410465810124313
0.00445758505347857
0.00493347433154845
-0.00697418012636757
0.000416982327497203
0.00701967350786486
-0.00188754992817529
0.0102507837587205
-0.00984672152926475
0.0149379931592075
0.0208149295310817
-0.0226361831293167
0.0163967719002116
-0.00469007061843405
-0.0152435006111365
0.0105731509347604
0.0134009585420214
0.0116105132663088
0.00999377889226125
0.0319532554583959
0.000170436364495895
-0.0205602043016111
0.0154256196289395
-0.00530068021334293
0.00613247653215419
0.010288982920263
0.0029825538511933
0.00109512932313969
-0.00610120938368389
0.0184505283933783
-0.0171799864140274
-0.0153196635527706
-0.00993930415778867
-0.0130612825997348
-0.00903039683792502
-0.014614808954856
0.00149118826822487
0.0113342227226983
0.00981026724687266
0.000285560187480517
-0.00733886352451012
0.00152444541867076
0.00692011137972267
0.0243555185922734
-0.00718850481505181
-0.0101501315910139
-0.00204868252646812
0.00488684250517504
0.0236053323386304
-0.010933687173856
-0.000967371015928917
0.0171295179172863
-0.00403565462514507
0.013672471542361
-0.0202463184741851
-0.0110089164678994
0.00584116118120631
7.56652888164915E-05
-0.0113249150685326
-0.0171025473332767
-0.0187807663585576
0.00797010110702926
0.0032932599803451
0.00167414095555536
0.0126373322704362
0.0113425095502648
-0.00865712906063343
0.0119607619790269
-0.00593631707326868
0.00542886829568218
-0.0104027587883381
0.0112353919537883
-0.000927563612648789
-0.0152145500815108
0.00100528837292416
-0.00724246381866166
-0.000217485071590983
0.0164679118064015
-0.0260773894533869
0.0160716822957089
-0.0128242069201054
0.000823079547025837
-0.00839124009229059
0.0070149446175661
-0.00640742679488998
-0.0162732488005936
0.010638482923507
0.00714767649396316
0.00461408370581514
0.00897436946709156
0.0150780516448316
-0.00133100484592273
0.0115857959407623
-0.0111873649579002
-0.00752379837795476
-0.00425542212804544
-0.00838883795540493
0.0208783593868251
0.0174756119534835
0.000811188765084209
-0.0101425803536937
-0.00485050004474156
0.0190174425772275
-0.000757858378391221
0.0139820094206723
0.0113963042947556
0.00330989521620624
0.0121344624883492
-0.00716587566834924
0.0361507092863286
0.00804567314552446
0.00869458162107214
-0.00518236676369526
-0.0256957855128957
-0.00346356855812351
-0.0109188022684835
-9.90420077746052E-05
-0.0271561353125639
-0.00532185718818202
-0.0232537746089939
-0.0182424467354708
0.0178427659648704
0.00105630799555069
-0.0158259694371817
-0.0170481220678179
0.0270662546023656
-0.00432255666505246
-0.00305006152823824
0.0140275853558766
0.00926487266752173
0.0020080249437893
0.00104165237890756
-0.00996195564910221
0.00191236486880284
-0.0159171162188595
-0.0116588129321135
0.00491656349417467
-0.0102530044068448
0.0364967871444115
0.00932407061503415
0.0124003608832371
0.0146854160881755
0.0143204253662174
-0.00240654629779199
0.00226516227320954
-0.00619173579095839
0.0209765484662266
0.0116732715035202
0.00955436426257452
0.000121547784007392
-0.0104538751924276
0.00266490986555114
0.00589529585748105
-0.00822595958390804
-0.00698167930824481
0.00656801921731777
0.00358752237136418
-0.0150592321397912
-0.00574434924096483
0.000442111835558067
9.78539315020662E-05
0.0175010084891437
-0.00877900228428552
-0.00264205135133275
-0.0035961251484465
-0.00546174969662113
-0.0141296429149756
0.0251644317647326
-0.00829546644693528
-0.00525390429132856
-0.00730689956307487
0.0203123743703914
-0.00984484059395244
0.00757538514335645
0.000455272766575072
0.00285347945186346
-0.00184961400447748
-0.0277947079834557
-0.0175549739191739
0.0116938911442573
0.0165332687760047
-0.0193194397368993
-0.0303118064560221
-0.0156916253510506
-0.0132074701016312
-0.015461548338775
-0.00134606570812475
-3.16947418662437E-05
0.00358963737281573
0.00458615957544138
0.00438769019632497
-0.00611372258208885
0.025321640411467
0.00467835100132565
-0.0121212048557455
0.00280239538308035
0.00460541054296246
0.00295169365502675
0.00543096834010027
-0.00961289869718532
0.0133014148022444
-0.0239873409604713
-0.00299665368200306
0.00338695933111766
0.00477966024540419
-0.00123489797250838
-0.00116311557107575
0.0152259588823831
-0.0189396692783443
-0.00821554626976167
-0.0133954991129391
-0.00262997485039272
-0.00819354996853063
0.00684694392462825
0.0237043648646867
0.0228800913499832
0.02578208421428
0.0172036249875245
0.00956444163711136
-0.00801461232701843
0.0122949273055628
-0.0030536865064386
0.00925773253787649
-0.00252134162127002
0.00880322690871556
0.00142860680636384
-0.0198215690814938
-0.0127403435058447
0.0126874275603091
0.00914131308216669
-0.00859846468588424
-0.00723192159800438
-0.00463526546037178
0.0180492321644718
0.0051734110154846
-0.0122017053771924
-0.00368197490039662
-0.0153618589163149
-0.00214612430754305
0.0129608399446367
-0.0252031444741067
-0.0120873662473724
0.0010632845081068
-0.00764171909694322
0.00622403907503096
-0.00858871563624665
0.00954457735640537
-0.00913684914468574
0.0129872065592408
0.00563115206015098
-0.0140406083189284
-0.0187209598139431
0.00105330303751356
-0.00824633611229327
-0.0220872006882387
-0.0327819100242375
-0.0177108236675008
0.00197251554694257
-0.00803649790065107
-0.00725296970447071
-0.00735996210479527
-0.00227126216647524
0.0205043333948259
-0.00649342610308115
0.0117399360773407
0.00200211265719425
-0.0128753281497823
-0.0103490710261841
0.0189315426537484
-0.013015618100543
0.0261280464748615
-0.0153923199295525
-0.00990136107018869
-0.0134448657609084
0.00166346300928316
0.00345200236998393
0.0217025118347885
0.00606149885784733
-0.0129442605785606
0.015167320947264
-0.0152199516418925
-0.004943424065684
0.0159185999185481
0.010948489018795
-0.00410987658769822
-0.0416237986873271
0.0086247041956934
-0.00148981323002228
0.0298508926105973
-0.00671869599793679
-0.0203605063990903
0.0282715894619881
-0.0041455221960945
-0.0114214525771057
0.00106365836539491
0.00878971937971888
0.0315559114009499
-0.0129054161381391
0.0155581816170761
0.00622767482431906
-0.0336800805254142
0.0193828841531586
0.0100025285913269
-0.00412151175148183
0.000499439206554016
-0.00633982288918241
-0.0057877651167768
0.00977560772638444
-0.00929227853651705
-0.0113504179852533
-0.0102448977445257
-0.0166204401109403
-0.0292117252052853
-0.0178838015918394
0.0117493176825105
-0.00282526585638906
0.0200786186907165
0.0340860170959701
-0.0165439628960247
-0.0101023140049207
-0.0100932709050868
-0.0253791441624603
-0.00141578802983315
0.018704595485876
0.0042675019506821
0.00313828973025307
0.0149728895060523
0.0169768285813593
0.0155974187428213
-0.0202377852787034
0.00133249659727488
-0.0219792126407072
-0.00376135600518453
0.0304306927773175
0.00407915710612149
0.0145826883734088
0.0194545172415644
0.00417999579719284
0.00549605400011485
-0.0138533356749756
0.000617017298076928
0.0100381749562888
-0.0298796679350316
-0.00801446102823284
-0.00438128118353796
0.00597941443642069
-0.00682034367859383
-0.0128998520289053
0.0214696262440549
-0.0128753331266099
0.00384974158975601
-0.00252013157713099
-0.0102562743021814
0.0232869939231342
0.0134823185522442
-0.0154507340848725
0.00391274309217017
-0.00827810734347854
-0.00323223841782052
0.0248140636267962
0.0110774100720609
0.00150673264574225
0.0156328619100189
0.00970384809109322
0.0122519842988486
0.00925137498362032
0.00976710673196868
-0.0110238383939732
-0.00989813172176496
0.000645649763067156
0.00801710251295816
-0.0226032419906969
0.0174469333049345
0.0213436406300211
-0.00822365876676009
-0.0208586361506275
0.0302456892065384
-0.00892597421773676
0.00280080433911582
-0.0143018331122255
0.0119784230667214
-0.014159064216521
0.0227836817143172
0.0106808053803922
-0.0112626087315729
-0.0093053073932682
-0.000114768411243767
0.00889179741198038
-0.0193446851560955
0.021840468265893
0.00873026120903869
-0.00788820891673285
0.00836376779421208
-0.011888974198207
0.0105557892600645
0.0238978664598746
0.016261561917242
0.00618074174802563
-0.00621012202106133
-0.00387937085643813
-0.0104339125360383
-0.0165157601893119
0.0304668208556554
-0.0154423008414116
0.00615496887527282
0.00482399559659119
0.018280259643049
0.00589174885902645
0.00437594039704636
-0.00850278277038514
-0.00100935073467491
0.00167932728635529
-0.00346504068980069
0.00734127704774945
0.0136244066057208
0.00296189675328777
-0.00479105114391726
-0.0196064635674119
-0.013508148452797
0.0123082361449605
0.00185656464533828
0.000295519842311356
0.0243174978780582
-0.00099320960670118
-0.0267857806144233
0.00126737091664425
-0.029227479478974
0.0304225324805363
0.00707052831849591
-0.0194432767869185
0.0326061550134507
0.0111962672419267
-0.00996357738564292
7.78565301063397E-05
-0.00106943412539582
-0.00146256507381942
0.0224046599260224
0.0155577784561645
0.0156085664245755
-0.0120841966302255
0.0107559994146185
0.0079479086081332
0.00181999432945678
-0.00371149814866688
0.0198527729452283
0.00947545182028896
-0.0124955285597109
-0.0280123725054013
0.00418397985291931
0.0072303864519842
0.00368833784302872
0.011865508534378
-0.0306671319045754
-0.00617479205125876
-0.0209908772574829
0.0103913282162174
-0.00824491236056532
-0.00996195744950085
-0.0168113743878073
-0.0161393969228982
0.012724734985726
-0.00104405049380238
-0.00348903537764396
-0.0181372412547064
-0.00291039565367876
0.0153309657942507
0.000171401579608977
-0.0180732215112451
0.0233537274686204
0.0238450141703768
0.00444833872547375
0.0142740873912803
-0.00485030609905774
-0.00774686106710239
-0.00453793202169846
0.000303426896432204
-0.010626115220673
-0.0076399493434894
0.00809215376957745
0.0119632689184745
-0.00340550200150566
-0.00918682444321811
0.0138780242686325
0.00797082841340671
0.0152902378635531
-0.00170148969796577
-0.0374276711371429
0.00677739238582126
0.000924349393256617
0.0178057319006102
0.00208719409803948
0.0158843708571568
0.00894309522225613
0.0202427948605427
0.0188781771455379
0.0235488196280428
0.00172221281799133
0.000956341455415149
-0.00136485208359929
0.00490930925606066
-0.00272308345805467
0.00592273700055584
-0.0208065000345553
-0.0155910788508812
0.0196556564513078
0.00551935744103011
0.0112830360665352
-0.00152415936738853
0.00731480756920817
-0.0123887457474271
-0.00514356047517368
0.00180437245564829
-0.00457975328292535
0.000484825643759184
0.00493244469365087
-0.0108403622869294
0.0169267157357629
-0.00909845244182648
0.00883296354278762
0.0015246194634431
-0.0364716850591356
0.0206354546203037
0.0240722838311075
-0.0113198796581403
0.0162599662176597
-0.0170518528362261
-0.00498898163524756
-0.0312051547222351
-0.0108719199412554
0.00892901871240347
-0.0085604932072363
-0.0136196588684149
0.00274414406130594
-0.00922930737611437
-0.00726196068125035
-0.00694341938054613
-0.00697232259776206
-0.0206003836260677
-0.00907939594098336
0.0173260311835918
-0.00688197109020794
-0.00503176753187676
-0.00786892395207572
0.00988329929865855
0.0129531428555052
-0.002049517297337
-0.000379354528135576
-0.00148030805924649
0.00289459664090948
0.0142106556058896
0.00516588764818674
-0.0201522841414482
0.0117376526272977
-0.00252463446703176
0.00357923109624731
-0.0184667960748195
0.00779905586913716
0.0173360098089129
0.0242288133293887
0.0241312811358301
-0.011002263475899
-0.0118979285053799
0.0155640373020736
-0.0164789399555125
-0.0162317067012686
-0.0168221036127704
-0.0127061949486719
0.00816681291138635
0.0186485774487783
0.00436780092530807
0.00288834770791003
0.0435714045267055
-0.0118549499018701
0.0224421195536471
-0.00168342082820393
0.0104118091768807
-0.0117943357891409
-0.00872756342420804
0.00287004395502537
0.00448044363421837
0.00271585321483941
0.00488827692734522
-0.0172841838998482
0.0207019534550436
0.0066694751000537
-0.00163332815469802
0.00984934122312971
-0.00442293195355335
0.0275175163100767
0.0280146733250953
0.0117748572531363
-0.0206312465808863
-0.0137086716293016
0.0225997363854216
0.013929079139041
-0.015601630436367
0.0196983176013417
-0.00794563843404444
-0.0234912703036983
0.0156834876783743
-0.0108269411258421
-0.00368327724003288
0.00495293635517492
-0.0118697196678263
0.00404076356367131
-0.010623831741292
-0.00775406114291047
0.0167923213438995
0.00081780559898355
-0.0104545950551456
0.0259547551661847
0.00461550108221071
0.0209883544202545
-0.000547754249966599
0.0170329670369151
-0.0081879794145317
0.015749200628
0.014812589983725
-0.00318921852201765
0.0182035730713815
0.0260189532174221
0.000317376184534301
0.000374730189063134
0.00162146544669072
0.0096164133684127
0.00736956999478148
0.0184496258655671
0.00421526382350468
-0.0100271967662512
0.011772852145132
-0.0122810448650512
-0.0437655693663916
-0.00585438193469845
-0.00967439870398924
0.00769469650247442
-0.0214062094251476
-0.00328805129021705
-0.00399103825008948
-0.018855276213257
0.00815442707160317
-0.0263553361262306
-0.017954498406073
0.00428362624293492
-0.0112402584433227
0.022647281818024
-0.00490081038570606
-0.00837902867024902
0.0157187173474356
0.000984104197004772
0.0154396650977721
0.0140367148851204
0.00208346925688841
-0.0239980005036474
0.00156329150223239
-0.00576461663866242
-0.0145920460117647
-0.00878187817394374
-0.00968659264838455
-0.011596801921102
0.001375326078121
0.00207955560346325
-0.000378415023385851
0.0100105170313275
0.0207501747480963
-0.00705042161569013
-0.00352697363065771
-0.00150814997760818
0.020291271210717
0.00401711007512222
-0.0150423682123717
0.00107064536812119
-0.00351627148968004
-0.00236883812820563
0.010578224988651
0.000668629937231529
0.0208365927557786
-0.000714871023767811
-0.00357476604799879
-0.00121403847007267
0.0213488804400618
-0.00210350332391013
-0.0279247451344815
0.00473037694888168
0.00935712276801235
0.00561549639793247
0.0035381551845768
-0.0230342399145987
-0.00306962239166447
-0.0201835719313969
-0.0106120740768431
-0.000918559634372795
0.00326085503370672
-0.0186111671368986
0.00191014386500567
0.00331577614111381
0.0245332327556779
-0.0139245862123443
0.0100873765385004
0.0115399878906809
-0.021796636116527
-0.015201753977497
-0.00856650239132078
0.0159037535227922
0.0197800063384275
0.0227892746177557
0.00775530571112467
0.026921107341543
-0.00693194849613167
-0.00397357629227586
0.0204738059577747
0.0179817803897549
-0.00162281038842997
0.015816753976108
-8.97140360267188E-05
0.00484841498032249
0.00386355850488574
0.000286281064481698
0.0408532083763202
0.0219188762923312
-0.0160001598000459
0.0148977365622609
-0.0170831086122286
-0.00104063926336357
-0.00300698352089559
0.00791733506715222
0.0102439884908521
-0.00448517832275363
0.0250070495738731
0.00948163431354627
0.0203627376913104
0.00188252496078416
0.00408106028353034
-7.81124590179136E-05
-0.00259093854139399
-0.0125969207034248
0.00149454125133958
-0.00146592124951775
-0.00880549195412261
0.0034540040875644
-0.0283035383974423
-0.00425039983477913
0.0231411321356336
-0.00168493245842282
-0.0127047109284983
0.00830050923424687
-0.00854836710578855
-0.0113744734803651
-0.0062549329230361
0.0197819883084832
0.0170250640892261
-0.00413655491628043
0.000769706337920971
0.00269834587929253
-0.0111270762702542
-0.00924222022440661
0.0246454221055294
0.012778272477329
-0.00892345378180811
-0.00550165738185989
0.0222505415834229
0.00686807571152641
-0.017539087504816
0.0251538859459102
-0.00329346737910575
0.00284615193876545
-0.00847337049723509
0.00187664144288309
-0.0164561196761993
-0.00203181727176578
0.0259509333690895
-0.0133803265820737
-0.00847917845810076
0.0137089204696293
-0.00535198857272073
0.0226376895306085
0.00617727924202404
0.0103491830167766
-0.0173003779719939
0.00344753361863343
-0.0156831736718838
0.0167598382115281
-0.00953758898032357
0.00345744540676339
0.00746149927618909
0.00184672164867247
-0.00854236355375473
0.0032553049751964
-0.00984251691117804
0.0132096946547966
-0.0238040257923906
0.0219342220599679
0.001471322240658
-0.000688970488707498
0.00177983728510829
0.00159392043674129
0.016629743290891
-0.0211250006751087
0.00559025349665826
-0.0102170851863047
-9.72735401821249E-05
0.0181721269738307
-0.000465260629110925
-0.0145978563709962
-0.0274964991575591
-0.0230145760591666
0.0151726368674779
-0.0141755847202079
-0.00382028602459186
-0.00520594493757396
-0.0326784724349007
-0.019272266322427
-0.011517718319113
-0.0054042953981217
-0.00918956397848588
0.0121383642425044
-0.00730978563648485
-0.00690560214970441
0.00892563509857666
-0.00161179550048261
0.0272206799135265
0.00424194156971235
-0.00932566445126466
0.00114242147728369
0.0386031686599412
0.00565221185163659
-0.0184579625641349
-0.0121365461301115
0.0158905507075258
-0.0123951752843851
0.0200071862390271
0.017568916621226
0.00587531537639624
0.00305542792303059
0.0253853235427859
0.00776685963218872
0.00885213649005795
-0.00571846797473638
0.0250014376749637
0.00324835238237806
0.0169897036307641
0.0103999077435247
0.010501759742351
0.00122088401589079
-0.016172938344649
0.00194399309105411
-0.002831827925976
0.00992912313830354
0.019132958376304
-0.0163911402930736
0.013114814603768
0.0116306258310858
-0.00354293053126652
0.0135666628480214
-0.0141175191317013
0.0102375015264792
-0.0231086144550801
-0.0196628364661415
0.00930131605854082
-0.0259674291497091
-0.00204251144248884
0.0101306288724906
-0.0103160653590265
-0.0039205617309073
0.0176613101929112
-0.0026319855996254
-0.00496178240178335
-0.0241109682928943
0.00735562891748709
-0.00655853207829032
-0.00796986429692634
0.000896100494712653
-0.0158316926298535
0.0210284853986849
-0.019381309416794
-0.0274840942622584
0.00351464565605642
0.00507183077744325
-0.00504288079520886
0.000612788142307999
-0.0243881140063308
0.0176425843603948
-0.00404915583600502
-0.0217846020420691
0.00961525093457286
-0.020689229253641
0.00228931002100162
0.00915788240645288
-0.0157344198932808
0.0115041131164058
0.00577990029962979
0.0135594502938762
-0.00743064842039632
0.00214740649532695
0.00114453598876295
0.00146380416352342
0.00653906012052833
0.00117295815446203
0.00163258876333246
0.00185701606673483
0.0109238810002575
-0.00659042227137505
-0.0186802328622726
0.0212311840774444
-0.00431907168452526
0.00376124599155583
-0.014831311789374
-0.0108978884448569
0.0017079517738578
-0.02246163441434
0.0243746916314449
-0.011068131786672
-0.00804249758212999
-0.016188510180712
0.00054451376639507
0.000712417069446836
-0.0108441125307758
-0.00937674778302125
0.0218761995270845
0.0144705856622255
0.0229910492800186
-0.00379054489655978
-0.00464356281320014
-0.00705364369114368
0.00602052705234115
-5.65891973533973E-05
-0.00145104069856045
-0.0148821208115588
0.00566844322119698
0.0109710775007999
-0.00972038321960804
0.00247734784869173
-0.0294186576588062
-0.00533021402439308
-0.00384525515236611
0.0405691363357832
0.00615711481667326
0.0203243708635831
0.0126790434653706
0.00799661352660651
0.00177027956698447
0.0106458569438364
-0.00156270929737432
0.00857874410471845
0.00159512916838196
-0.013672544500738
-0.0147723240629967
-0.00488875392332858
-0.00251976031827065
0.0104435628007896
-0.00550998720855609
0.0083026890906694
0.0106745150227927
-0.00467540811185946
-0.00563558658926579
-0.00942423901737982
0.0076473014210946
0.00645891395767464
-0.0138260408766055
-0.0103040946949427
0.0110087344186853
-0.00672470484293366
0.00931634768820273
0.0124077447374503
-0.0212022495714711
0.0252697531382694
-0.00781162478327607
-0.0386312630327854
0.00285069018474514
0.0202495672161779
-0.0101877761421079
-0.0177329129756867
0.0115333684727962
0.0129536333489644
0.00879757705453372
0.0273245259452681
0.00544372053885567
-0.00527396929437808
-0.00827955484820577
-0.0135584856476667
0.000844168128321653
-0.00242476646607129
-0.00156862781080072
-0.0104871161190158
-0.00134291383354136
-0.0257116095837045
-0.0121095099324465
-0.0401750419789179
-0.0127962475402597
-0.0151763210147628
-0.011803853024832
0.0308487999830026
-0.0217703151074067
-0.0196065613700444
0.0268646949747806
-0.00577403936015139
-0.00808043761756115
-0.00822122412631941
0.0151278324823761
-0.0191450192795335
-0.0264212704124522
0.00967944049040355
0.00798343626579281
0.00659653120175487
-0.00252557264420111
0.0148467431295392
0.0134708292004668
-0.0301541068337931
0.00882899272417888
0.00163961342279446
-0.00179694067238421
0.00181461934523654
-0.0171866296148399
0.0112041565155089
-0.0099637906471422
-0.0112991002526194
-0.0156154672083317
-0.00201602363294632
0.00637330250406075
0.0077940514024446
-0.00874325883238379
-0.000160399655750966
0.00637904843269145
0.00308498437320351
0.0110476480513055
0.0103609022509167
-0.00558350876865978
0.00500403534406764
-0.0262890454846383
0.0114697420162832
-0.00856678194554021
-0.00507714719303006
0.00592278215718787
-0.0298308210737844
-0.00203490470143814
-0.0253719018039269
0.00725216550280752
0.0267694855252051
-0.0215684234274643
-0.0105875272986705
0.00809916391724213
0.00597758122329965
0.00439022856653872
0.00401141757720058
0.00454635446836656
0.00371923443000325
0.00404477638960971
0.000668405454347947
0.0104454054871723
-0.00293129744898949
-0.0111335821094196
-0.00885621801906014
0.0276983860795196
-0.00484014064318749
0.00315074263684541
-0.00906719758030996
0.000654389691679986
-0.00998937402561255
0.0132678744769891
-0.0233902201764264
0.0072814047395994
-0.0048092702301191
-0.011342483774447
0.00261488049670208
-0.00151585266834657
0.00362855747022918
-0.0179713215829974
-0.0100766636002776
0.0202387220197689
-0.000838425701304891
0.00479703092209104
-0.000892796399985575
-0.0187275720831126
-0.0280542809263536
-0.016582541416056
0.0112376948708586
-0.00531681085973071
-0.00126309047560672
-0.0133022279996557
-0.015154392437102
-0.00604661746026847
-0.0334783167764749
-0.00878594661855558
0.00654339017837514
-0.0227572713732746
0.00727455462475605
0.0166735284667146
-0.0180726124614681
-0.0133731561845045
0.0064210033556655
-0.00827735909313119
0.0135679119392807
0.00500937189858569
-0.0129996187112449
-0.00831300199592339
0.0236646300765767
0.0160839407466082
-0.00907854507546475
-0.00297736427045055
-0.0187443291930779
-0.00425842707676601
-0.0194368616558498
-0.00452996472031671
-0.00270118822765325
0.00373064882568102
-0.032715556677103
0.0116834351421102
0.00544162216488623
-0.0107459732220709
-0.00127243899626409
0.00153618401594391
0.027304607106769
0.013101363978146
-0.0165063853971611
0.0250652595516674
0.0129453938269031
0.00239289150771739
-0.00639517980498343
-0.00501408132424596
0.00794015416040284
0.00687490604443555
0.00794015416040284
-0.00501408132424595
-0.00639517980498345
0.00239289150771743
0.0129453938269031
0.0250652595516674
-0.0165063853971611
0.0131013639781459
0.027304607106769
0.00153618401594392
-0.00127243899626406
-0.0107459732220709
0.00544162216488624
0.0116834351421102
-0.0327155566771031
0.00373064882568101
-0.00270118822765326
-0.00452996472031674
-0.0194368616558497
-0.00425842707676604
-0.0187443291930779
-0.00297736427045057
-0.00907854507546475
0.0160839407466081
0.0236646300765767
-0.00831300199592338
-0.0129996187112449
0.00500937189858566
0.0135679119392807
-0.00827735909313122
0.00642100335566546
-0.0133731561845046
-0.0180726124614681
0.0166735284667145
0.00727455462475603
-0.0227572713732746
0.00654339017837516
-0.00878594661855557
-0.0334783167764748
-0.0060466174602685
-0.0151543924371021
-0.0133022279996557
-0.00126309047560673
-0.0053168108597307
0.0112376948708586
-0.0165825414160561
-0.0280542809263536
-0.0187275720831126
-0.000892796399985585
0.00479703092209104
-0.000838425701304873
0.0202387220197688
-0.0100766636002776
-0.0179713215829975
0.00362855747022921
-0.00151585266834655
0.0026148804967021
-0.011342483774447
-0.00480927023011906
0.00728140473959941
-0.0233902201764264
0.013267874476989
-0.0099893740256126
0.000654389691679977
-0.00906719758030995
0.00315074263684549
-0.00484014064318747
0.0276983860795196
-0.00885621801906013
-0.0111335821094196
-0.00293129744898949
0.0104454054871723
0.000668405454347961
0.00404477638960971
0.00371923443000327
0.00454635446836653
0.00401141757720063
0.00439022856653872
0.00597758122329969
0.00809916391724214
-0.0105875272986705
-0.0215684234274644
0.0267694855252051
0.0072521655028075
-0.0253719018039269
-0.00203490470143817
-0.0298308210737844
0.00592278215718787
-0.00507714719303016
-0.0085667819455402
0.0114697420162831
-0.0262890454846383
0.00500403534406764
-0.00558350876865976
0.0103609022509167
0.0110476480513055
0.00308498437320355
0.00637904843269146
-0.000160399655750952
-0.00874325883238376
0.00779405140244455
0.00637330250406069
-0.00201602363294631
-0.0156154672083317
-0.0112991002526194
-0.0099637906471422
0.0112041565155089
-0.0171866296148399
0.00181461934523656
-0.00179694067238424
0.00163961342279444
0.00882899272417889
-0.0301541068337933
0.0134708292004668
0.0148467431295393
-0.00252557264420103
0.00659653120175485
0.00798343626579282
0.00967944049040355
-0.0264212704124522
-0.0191450192795334
0.0151278324823762
-0.00822122412631961
-0.00808043761756114
-0.00577403936015137
0.0268646949747805
-0.0196065613700444
-0.0217703151074067
0.0308487999830028
-0.011803853024832
-0.0151763210147629
-0.0127962475402598
-0.040175041978918
-0.0121095099324465
-0.0257116095837045
-0.00134291383354135
-0.0104871161190158
-0.00156862781080067
-0.00242476646607129
0.000844168128321686
-0.0135584856476666
-0.00827955484820582
-0.00527396929437807
0.00544372053885565
0.0273245259452681
0.00879757705453369
0.0129536333489642
0.0115333684727962
-0.0177329129756867
-0.0101877761421079
0.0202495672161779
0.00285069018474522
-0.0386312630327856
-0.00781162478327608
0.0252697531382694
-0.021202249571471
0.0124077447374504
0.0093163476882027
-0.00672470484293366
0.0110087344186853
-0.0103040946949427
-0.0138260408766055
0.00645891395767461
0.0076473014210946
-0.00942423901737976
-0.00563558658926578
-0.00467540811185948
0.0106745150227927
0.00830268909066942
-0.00550998720855609
0.0104435628007895
-0.00251976031827066
-0.00488875392332857
-0.0147723240629966
-0.0136725445007381
0.00159512916838197
0.00857874410471843
-0.00156270929737434
0.0106458569438365
0.00177027956698449
0.00799661352660653
0.0126790434653705
0.0203243708635831
0.0061571148166732
0.0405691363357831
-0.00384525515236608
-0.0053302140243931
-0.0294186576588062
0.00247734784869176
-0.00972038321960809
0.0109710775007999
0.00566844322119699
-0.0148821208115588
-0.00145104069856048
-5.65891973534116E-05
0.00602052705234111
-0.00705364369114366
-0.00464356281320013
-0.00379054489655981
0.0229910492800186
0.0144705856622255
0.0218761995270846
-0.00937674778302126
-0.0108441125307758
0.000712417069446852
0.000544513766395064
-0.016188510180712
-0.00804249758212999
-0.011068131786672
0.0243746916314449
-0.02246163441434
0.00170795177385785
-0.0108978884448569
-0.014831311789374
0.00376124599155582
-0.00431907168452524
0.0212311840774445
-0.0186802328622726
-0.00659042227137505
0.0109238810002575
0.00185701606673489
0.00163258876333248
0.00117295815446206
0.00653906012052835
0.00146380416352342
0.00114453598876296
0.00214740649532696
-0.00743064842039629
0.0135594502938762
0.00577990029962979
0.0115041131164058
-0.0157344198932809
0.00915788240645284
0.00228931002100163
-0.020689229253641
0.00961525093457285
-0.0217846020420691
-0.00404915583600506
0.0176425843603948
-0.024388114006331
0.000612788142308017
-0.00504288079520879
0.00507183077744326
0.00351464565605643
-0.0274840942622583
-0.019381309416794
0.0210284853986848
-0.0158316926298536
0.000896100494712641
-0.00796986429692635
-0.00655853207829032
0.00735562891748711
-0.0241109682928942
-0.00496178240178337
-0.00263198559962536
0.0176613101929112
-0.00392056173090731
-0.0103160653590266
0.0101306288724906
-0.00204251144248884
-0.0259674291497092
0.00930131605854077
-0.0196628364661414
-0.02310861445508
0.0102375015264792
-0.0141175191317013
0.0135666628480214
-0.00354293053126651
0.0116306258310859
0.0131148146037679
-0.0163911402930736
0.019132958376304
0.00992912313830355
-0.00283182792597597
0.00194399309105412
-0.0161729383446491
0.00122088401589081
0.010501759742351
0.0103999077435247
0.0169897036307641
0.00324835238237806
0.0250014376749637
-0.00571846797473639
0.00885213649005796
0.00776685963218872
0.0253853235427859
0.00305542792303056
0.00587531537639626
0.0175689166212259
0.0200071862390271
-0.0123951752843851
0.0158905507075258
-0.0121365461301115
-0.0184579625641349
0.00565221185163662
0.0386031686599414
0.00114242147728368
-0.00932566445126467
0.00424194156971232
0.0272206799135265
-0.00161179550048258
0.0089256350985766
-0.00690560214970442
-0.00730978563648487
0.0121383642425043
-0.00918956397848584
-0.00540429539812166
-0.0115177183191129
-0.0192722663224271
-0.0326784724349007
-0.00520594493757395
-0.00382028602459185
-0.0141755847202079
0.0151726368674779
-0.0230145760591665
-0.0274964991575591
-0.0145978563709962
-0.000465260629110903
0.0181721269738308
-9.72735401821452E-05
-0.0102170851863047
0.00559025349665824
-0.0211250006751086
0.016629743290891
0.00159392043674129
0.00177983728510829
-0.000688970488707506
0.00147132224065804
0.0219342220599679
-0.0238040257923907
0.0132096946547965
-0.0098425169111781
0.00325530497519642
-0.00854236355375471
0.00184672164867248
0.00746149927618913
0.0034574454067634
-0.00953758898032354
0.0167598382115281
-0.0156831736718838
0.00344753361863341
-0.0173003779719938
0.0103491830167766
0.00617727924202402
0.0226376895306086
-0.00535198857272072
0.0137089204696292
-0.00847917845810071
-0.0133803265820737
0.0259509333690894
-0.00203181727176578
-0.0164561196761993
0.00187664144288311
-0.0084733704972351
0.0028461519387655
-0.00329346737910575
0.0251538859459102
-0.017539087504816
0.00686807571152642
0.022250541583423
-0.00550165738185989
-0.00892345378180817
0.012778272477329
0.0246454221055294
-0.0092422202244066
-0.0111270762702542
0.00269834587929257
0.000769706337920974
-0.00413655491628039
0.0170250640892261
0.0197819883084832
-0.00625493292303606
-0.0113744734803651
-0.00854836710578855
0.00830050923424685
-0.0127047109284983
-0.00168493245842283
0.0231411321356336
-0.00425039983477909
-0.0283035383974422
0.00345400408756443
-0.00880549195412256
-0.00146592124951775
0.00149454125133962
-0.0125969207034248
-0.00259093854139404
-7.81124590179503E-05
0.00408106028353037
0.00188252496078416
0.0203627376913103
0.00948163431354626
0.0250070495738731
-0.00448517832275365
0.0102439884908521
0.00791733506715228
-0.00300698352089558
-0.00104063926336361
-0.0170831086122286
0.014897736562261
-0.0160001598000459
0.0219188762923312
0.0408532083763202
0.000286281064481759
0.00386355850488576
0.00484841498032249
-8.97140360267203E-05
0.015816753976108
-0.00162281038842992
0.0179817803897549
0.0204738059577747
-0.00397357629227593
-0.0069319484961317
0.0269211073415431
0.0077553057111247
0.0227892746177557
0.0197800063384276
0.0159037535227923
-0.00856650239132072
-0.015201753977497
-0.0217966361165271
0.0115399878906809
0.0100873765385004
-0.0139245862123443
0.0245332327556779
0.00331577614111384
0.00191014386500565
-0.0186111671368987
0.00326085503370676
-0.000918559634372805
-0.0106120740768431
-0.0201835719313969
-0.00306962239166441
-0.0230342399145987
0.00353815518457678
0.00561549639793243
0.00935712276801235
0.00473037694888169
-0.0279247451344815
-0.00210350332391015
0.0213488804400617
-0.00121403847007268
-0.00357476604799879
-0.000714871023767785
0.0208365927557786
0.00066862993723154
0.010578224988651
-0.00236883812820563
-0.00351627148968003
0.0010706453681212
-0.0150423682123717
0.00401711007512223
0.020291271210717
-0.00150814997760813
-0.00352697363065769
-0.00705042161569016
0.0207501747480963
0.0100105170313275
-0.000378415023385818
0.00207955560346325
0.00137532607812097
-0.011596801921102
-0.00968659264838454
-0.00878187817394375
-0.0145920460117648
-0.00576461663866244
0.00156329150223238
-0.0239980005036474
0.00208346925688841
0.0140367148851204
0.0154396650977721
0.000984104197004759
0.0157187173474356
-0.008379028670249
-0.00490081038570606
0.022647281818024
-0.0112402584433227
0.00428362624293488
-0.017954498406073
-0.0263553361262306
0.00815442707160319
-0.018855276213257
-0.00399103825008947
-0.00328805129021707
-0.0214062094251476
0.0076946965024744
-0.00967439870398922
-0.00585438193469845
-0.0437655693663916
-0.0122810448650512
0.0117728521451321
-0.0100271967662512
0.00421526382350471
0.0184496258655671
0.00736956999478152
0.0096164133684127
0.00162146544669068
0.000374730189063148
0.000317376184534274
0.0260189532174221
0.0182035730713815
-0.00318921852201767
0.014812589983725
0.0157492006280001
-0.00818797941453167
0.017032967036915
-0.000547754249966584
0.0209883544202546
0.00461550108221071
0.0259547551661848
-0.0104545950551456
0.00081780559898359
0.0167923213438995
-0.00775406114291045
-0.010623831741292
0.00404076356367129
-0.0118697196678262
0.00495293635517492
-0.00368327724003291
-0.010826941125842
0.0156834876783743
-0.0234912703036984
-0.00794563843404445
0.0196983176013416
-0.015601630436367
0.013929079139041
0.0225997363854217
-0.0137086716293016
-0.0206312465808864
0.0117748572531363
0.0280146733250953
0.0275175163100766
-0.00442293195355335
0.00984934122312971
-0.00163332815469803
0.00666947510005368
0.0207019534550436
-0.0172841838998482
0.00488827692734521
0.00271585321483941
0.00448044363421839
0.0028700439550254
-0.00872756342420803
-0.011794335789141
0.0104118091768807
-0.00168342082820393
0.0224421195536471
-0.0118549499018701
0.0435714045267054
0.00288834770791006
0.00436780092530809
0.0186485774487783
0.00816681291138631
-0.0127061949486719
-0.0168221036127704
-0.0162317067012686
-0.0164789399555126
0.0155640373020736
-0.0118979285053799
-0.011002263475899
0.02413128113583
0.0242288133293887
0.0173360098089128
0.00779905586913709
-0.0184667960748195
0.00357923109624732
-0.00252463446703177
0.0117376526272977
-0.0201522841414481
0.00516588764818673
0.0142106556058896
0.00289459664090947
-0.0014803080592465
-0.000379354528135585
-0.00204951729733699
0.0129531428555052
0.00988329929865855
-0.00786892395207578
-0.0050317675318768
-0.00688197109020804
0.0173260311835918
-0.00907939594098331
-0.0206003836260678
-0.00697232259776204
-0.00694341938054612
-0.00726196068125035
-0.00922930737611435
0.00274414406130597
-0.0136196588684149
-0.00856049320723632
0.00892901871240345
-0.0108719199412554
-0.0312051547222351
-0.00498898163524758
-0.0170518528362261
0.0162599662176597
-0.0113198796581403
0.0240722838311075
0.0206354546203036
-0.0364716850591354
0.00152461946344311
0.00883296354278763
-0.00909845244182649
0.0169267157357629
-0.0108403622869294
0.00493244469365086
0.000484825643759192
-0.00457975328292533
0.00180437245564827
-0.00514356047517366
-0.012388745747427
0.00731480756920814
-0.00152415936738851
0.0112830360665352
0.00551935744103013
0.0196556564513078
-0.0155910788508811
-0.0208065000345553
0.00592273700055587
-0.00272308345805466
0.00490930925606065
-0.00136485208359927
0.000956341455415151
0.00172221281799129
0.0235488196280429
0.0188781771455379
0.0202427948605427
0.00894309522225615
0.0158843708571568
0.00208719409803946
0.0178057319006103
0.000924349393256617
0.00677739238582125
-0.0374276711371429
-0.00170148969796582
0.0152902378635531
0.0079708284134067
0.0138780242686325
-0.00918682444321808
-0.00340550200150566
0.0119632689184745
0.00809215376957749
-0.00763994934348945
-0.010626115220673
0.000303426896432195
-0.00453793202169846
-0.0077468610671024
-0.00485030609905776
0.0142740873912802
0.00444833872547373
0.0238450141703767
0.0233537274686204
-0.0180732215112451
0.000171401579608968
0.0153309657942507
-0.00291039565367873
-0.0181372412547064
-0.00348903537764396
-0.00104405049380241
0.012724734985726
-0.0161393969228982
-0.0168113743878072
-0.00996195744950083
-0.00824491236056529
0.0103913282162174
-0.0209908772574828
-0.00617479205125875
-0.0306671319045753
0.0118655085343781
0.00368833784302873
0.0072303864519842
0.00418397985291929
-0.0280123725054013
-0.0124955285597109
0.009475451820289
0.0198527729452282
-0.00371149814866691
0.00181999432945676
0.00794790860813319
0.0107559994146185
-0.0120841966302255
0.0156085664245755
0.0155577784561645
0.0224046599260225
-0.00146256507381934
-0.00106943412539582
7.78565301063393E-05
-0.00996357738564299
0.0111962672419267
0.0326061550134507
-0.0194432767869186
0.00707052831849592
0.0304225324805364
-0.029227479478974
0.00126737091664422
-0.0267857806144231
-0.000993209606701175
0.0243174978780581
0.000295519842311347
0.0018565646453383
0.0123082361449605
-0.013508148452797
-0.0196064635674119
-0.00479105114391728
0.00296189675328777
0.0136244066057208
0.00734127704774943
-0.0034650406898007
0.00167932728635531
-0.00100935073467489
-0.00850278277038513
0.00437594039704638
0.00589174885902645
0.018280259643049
0.00482399559659122
0.0061549688752728
-0.0154423008414116
0.0304668208556554
-0.0165157601893118
-0.0104339125360383
-0.00387937085643814
-0.00621012202106137
0.00618074174802562
0.016261561917242
0.0238978664598746
0.0105557892600644
-0.0118889741982071
0.00836376779421211
-0.00788820891673284
0.00873026120903868
0.0218404682658931
-0.0193446851560954
0.0088917974119804
-0.000114768411243795
-0.00930530739326822
-0.0112626087315729
0.0106808053803922
0.0227836817143172
-0.014159064216521
0.0119784230667214
-0.0143018331122256
0.00280080433911583
-0.00892597421773673
0.0302456892065385
-0.0208586361506275
-0.00822365876676011
0.0213436406300211
0.0174469333049345
-0.0226032419906969
0.00801710251295815
0.000645649763067188
-0.00989813172176492
-0.0110238383939733
0.0097671067319687
0.00925137498362032
0.0122519842988486
0.00970384809109326
0.0156328619100189
0.00150673264574224
0.0110774100720609
0.0248140636267962
-0.00323223841782053
-0.00827810734347855
0.00391274309217018
-0.0154507340848724
0.0134823185522442
0.0232869939231341
-0.0102562743021815
-0.00252013157713105
0.00384974158975605
-0.0128753331266099
0.0214696262440548
-0.0128998520289054
-0.00682034367859384
0.00597941443642073
-0.00438128118353798
-0.00801446102823285
-0.0298796679350316
0.0100381749562888
0.000617017298076934
-0.0138533356749756
0.00549605400011487
0.00417999579719288
0.0194545172415644
0.0145826883734088
0.00407915710612153
0.0304306927773173
-0.00376135600518455
-0.0219792126407073
0.00133249659727487
-0.0202377852787035
0.0155974187428213
0.0169768285813593
0.0149728895060523
0.00313828973025305
0.00426750195068209
0.0187045954858759
-0.00141578802983317
-0.0253791441624602
-0.0100932709050868
-0.0101023140049207
-0.0165439628960247
0.0340860170959701
0.0200786186907165
-0.00282526585638914
0.0117493176825105
-0.0178838015918394
-0.0292117252052853
-0.0166204401109403
-0.0102448977445257
-0.0113504179852533
-0.00929227853651706
0.00977560772638447
-0.00578776511677682
-0.00633982288918242
0.000499439206554004
-0.00412151175148181
0.0100025285913269
0.0193828841531585
-0.0336800805254143
0.00622767482431903
0.0155581816170762
-0.0129054161381391
0.0315559114009498
0.00878971937971892
0.00106365836539491
-0.0114214525771057
-0.00414552219609455
0.0282715894619881
-0.0203605063990902
-0.00671869599793679
0.0298508926105972
-0.00148981323002237
0.00862470419569341
-0.0416237986873271
-0.00410987658769821
0.0109484890187951
0.0159185999185481
-0.00494342406568402
-0.0152199516418925
0.0151673209472641
-0.0129442605785606
0.00606149885784731
0.0217025118347885
0.00345200236998392
0.00166346300928316
-0.0134448657609084
-0.00990136107018872
-0.0153923199295526
0.0261280464748615
-0.013015618100543
0.0189315426537483
-0.0103490710261841
-0.0128753281497823
0.00200211265719426
0.0117399360773408
-0.00649342610308118
0.0205043333948259
-0.00227126216647524
-0.00735996210479528
-0.00725296970447071
-0.00803649790065109
0.00197251554694256
-0.0177108236675009
-0.0327819100242375
-0.0220872006882387
-0.00824633611229326
0.0010533030375136
-0.0187209598139431
-0.0140406083189284
0.00563115206015098
0.0129872065592409
-0.00913684914468571
0.00954457735640534
-0.00858871563624652
0.00622403907503099
-0.0076417190969432
0.00106328450810682
-0.0120873662473724
-0.0252031444741066
0.0129608399446368
-0.00214612430754307
-0.0153618589163149
-0.00368197490039662
-0.0122017053771924
0.00517341101548462
0.0180492321644718
-0.00463526546037182
-0.00723192159800433
-0.00859846468588423
0.0091413130821667
0.0126874275603091
-0.0127403435058447
-0.0198215690814938
0.0014286068063639
0.00880322690871571
-0.00252134162127002
0.0092577325378765
-0.00305368650643862
0.0122949273055628
-0.00801461232701844
0.0095644416371114
0.0172036249875244
0.0257820842142801
0.0228800913499833
0.0237043648646867
0.00684694392462821
-0.00819354996853064
-0.00262997485039275
-0.013395499112939
-0.00821554626976168
-0.0189396692783443
0.0152259588823832
-0.00116311557107583
-0.00123489797250839
0.0047796602454042
0.00338695933111768
-0.00299665368200306
-0.0239873409604713
0.0133014148022443
-0.00961289869718532
0.00543096834010028
0.00295169365502674
0.00460541054296248
0.00280239538308037
-0.0121212048557455
0.00467835100132564
0.0253216404114669
-0.0061137225820888
0.00438769019632497
0.00458615957544134
0.00358963737281574
-3.16947418662437E-05
-0.00134606570812477
-0.015461548338775
-0.0132074701016313
-0.0156916253510507
-0.030311806456022
-0.0193194397368993
0.0165332687760047
0.0116938911442573
-0.0175549739191739
-0.0277947079834558
-0.00184961400447749
0.00285347945186348
0.00045527276657502
0.00757538514335643
-0.00984484059395248
0.0203123743703914
-0.00730689956307485
-0.00525390429132858
-0.00829546644693527
0.0251644317647327
-0.0141296429149756
-0.0054617496966211
-0.00359612514844651
-0.00264205135133273
-0.00877900228428554
0.0175010084891437
9.78539315020581E-05
0.000442111835558092
-0.00574434924096482
-0.0150592321397912
0.00358752237136417
0.00656801921731777
-0.00698167930824481
-0.00822595958390806
0.00589529585748117
0.0026649098655512
-0.0104538751924277
0.000121547784007407
0.00955436426257452
0.0116732715035203
0.0209765484662266
-0.00619173579095841
0.00226516227320951
-0.00240654629779201
0.0143204253662174
0.0146854160881755
0.0124003608832371
0.00932407061503411
0.0364967871444114
-0.0102530044068448
0.00491656349417466
-0.0116588129321135
-0.0159171162188595
0.00191236486880286
-0.00996195564910219
0.00104165237890756
0.00200802494378927
0.00926487266752177
0.0140275853558766
-0.00305006152823822
-0.00432255666505247
0.0270662546023656
-0.0170481220678179
-0.0158259694371817
0.00105630799555067
0.0178427659648704
-0.0182424467354709
-0.0232537746089939
-0.00532185718818201
-0.027156135312564
-9.90420077746037E-05
-0.0109188022684835
-0.00346356855812351
-0.0256957855128957
-0.00518236676369526
0.00869458162107214
0.00804567314552443
0.0361507092863286
-0.00716587566834926
0.0121344624883492
0.00330989521620622
0.0113963042947557
0.0139820094206723
-0.000757858378391227
0.0190174425772275
-0.00485050004474155
-0.0101425803536937
0.000811188765084213
0.0174756119534835
0.020878359386825
-0.00838883795540494
-0.00425542212804544
-0.00752379837795465
-0.0111873649579002
0.0115857959407624
-0.00133100484592276
0.0150780516448315
0.00897436946709156
0.00461408370581513
0.00714767649396308
0.010638482923507
-0.0162732488005936
-0.00640742679488998
0.00701494461756612
-0.00839124009229062
0.000823079547025789
-0.0128242069201054
0.016071682295709
-0.026077389453387
0.0164679118064015
-0.000217485071590966
-0.00724246381866166
0.00100528837292417
-0.0152145500815109
-0.000927563612648819
0.0112353919537884
-0.010402758788338
0.00542886829568219
-0.00593631707326867
0.0119607619790269
-0.00865712906063344
0.0113425095502648
0.0126373322704362
0.00167414095555535
0.00329325998034507
0.00797010110702925
-0.0187807663585576
-0.0171025473332766
-0.0113249150685326
7.56652888165123E-05
0.00584116118120633
-0.0110089164678995
-0.0202463184741851
0.013672471542361
-0.00403565462514507
0.0171295179172863
-0.000967371015928938
-0.010933687173856
0.0236053323386305
0.00488684250517504
-0.00204868252646811
-0.0101501315910139
-0.00718850481505184
0.0243555185922734
0.00692011137972269
0.00152444541867079
-0.00733886352451017
0.000285560187480514
0.00981026724687261
0.0113342227226983
0.00149118826822486
-0.014614808954856
-0.00903039683792504
-0.0130612825997347
-0.00993930415778865
-0.0153196635527706
-0.0171799864140274
0.0184505283933783
-0.00610120938368388
0.00109512932313969
0.00298255385119331
0.010288982920263
0.0061324765321542
-0.00530068021334293
0.0154256196289395
-0.0205602043016111
0.000170436364495964
0.031953255458396
0.0099937788922613
0.0116105132663088
0.0134009585420214
0.0105731509347604
-0.0152435006111365
-0.00469007061843405
0.0163967719002116
-0.0226361831293167
0.0208149295310816
0.0149379931592074
-0.00984672152926478
0.0102507837587205
-0.00188754992817529
0.00701967350786489
0.000416982327497181
-0.0069741801263676
0.00493347433154846
0.00445758505347855
0.00410465810124312
-0.0106859598537179
-0.0157209735739685
4.83111527416845E-05
-0.00833519033988769
-0.00775488722808123
-0.00277375579985432
0.0260722981443731
-0.0120559314819888
0.000463986417970203
0.00592783019321876
-0.0121879359399951
-0.00283200339026052
0.0190646830161712
0.00988964457916521
0.00439540928941974
-0.00898956203978753
-0.00953204440658734
-0.0165230129784711
0.0130251867782688
-0.0162362958008894
-0.0105679513989249
-0.00366697714834156
0.0126112500879725
0.0203592157519713
0.0133565847167722
-0.0252657110647204
0.0177728155793214
-0.00152980036194857
-0.0176684171397525
0.0149127197205121
-0.00770363306229654
0.00740994887026082
0.0183144884480236
0.0079901706600521
0.0126414693249442
-0.0121192234746598
0.00798849558693528
0.0177762944808659
0.00309004958499846
-0.00646638694216632
0.00153657368231955
-0.0340590338488494
-0.0101898753726639
-0.0120627790012884
0.00563338484872067
-0.0164352039062102
0.00549791478184195
0.000763124385069383
0.0192626816666373
-0.00342851570313986
-0.00119504811817316
0.00960294283171472
-0.0126249274491467
0.00596235985345065
0.0160220030727928
-0.00765128439692945
0.0120866776194246
-0.0126118213910343
-0.00563987713850406
-0.0131722814683979
0.0212117747854077
0.00781796616970926
0.00663766705040274
0.0303078268721732
-0.0132596675749816
0.0131477283472673
0.0245171308686238
-0.0185880583465289
0.0219371278820039
-0.00593738425535022
0.00246906246552753
-0.00735669226964132
-0.0166220934970625
0.000689903702004427
-0.0228452848810072
0.0110613825815493
0.00873264121355394
-0.0139928729998222
0.0321841662124061
-0.0130184756198141
0.00736345785762348
0.0121618663103993
0.0250838203333181
0.0128306586139406
-0.00831173668670109
0.0187490974499018
0.0120320566154202
0.00500700065405717
0.0207636181757892
-0.0309546256663532
-0.00338028813446083
0.022942532083067
-0.0179590995672124
0.00184227364333295
0.00917505713342762
-0.0191268560975337
-0.0260556026558645
0.00509517858054469
-0.0168936490907362
-0.0261113894503719
-0.00430555575918608
0.00166872211190925
0.00209512247506452
-0.00269874546037083
0.00101974131359357
-0.0214304456306842
-0.00434857907329085
-0.00246156870869446
0.0324918781879499
-0.0180584603591303
-0.0243694369966771
-0.00497557122941449
0.0160171637725933
-0.0158565128644026
-0.00558702407484184
0.00275961292867848
0.00182146836886676
0.00187102140744913
-0.0132606716212495
-0.00619835732984073
-0.0033930921716539
-0.00587643026219392
0.0331516425218254
-0.0148280746012138
-0.015294716539731
0.0223900072437274
0.0155345803556638
-0.00427129993754613
-0.00719906446708771
-0.0202615084289376
-0.00785882211376127
-0.000726394523658129
0.0263749655037704
-0.0208048695212709
0.0161007345933768
0.00296289045243697
-0.0132985527396782
-0.0165951038280709
-0.0222289599004359
-0.0133871192406333
-0.00202660430432508
-0.00221026827930386
-0.00392542325258322
0.00778165837198716
-0.00272068689468837
0.0138758695574347
-0.0129332167667716
-0.0064566866256334
0.0092549092383004
-0.00715185782732919
0.0122751956045684
0.000964699326401635
-0.000845667905190213
0.0200407961233834
0.0293274522296288
-0.0171839621691266
-0.0319184976351831
-0.0173615517024249
0.0113286081657042
-0.00581421898577319
-0.00265733201934842
-0.00198598576418432
-0.0011454970785668
-0.0100126979302289
-0.0177881494136728
-0.00567851015834927
0.00300557542507295
-0.0253965536019227
0.00201251811308421
0.00219155138738783
0.00702119141530494
-0.00185141614618165
-0.0106697601168987
-0.000882501332113004
-0.00293351198836298
-0.00571170884572643
-0.0160662715956159
0.0139177895174878
-0.0102625689884174
-0.0149542122673373
-0.00487577440335557
0.00211583965575801
0.00399235248591063
0.00304094446904921
-0.00910324911677433
0.0204059724382013
0.00361590336631385
0.0114660181493326
-0.011362227253337
0.000937206933661183
-0.010834486844719
-0.0140286613774964
0.0202637407679311
0.00241140536066235
0.00775450460352674
-0.0144527011529363
-0.0120294799954923
0.0181589142457569
0.00192056851714081
0.0126109909070793
0.000787002225743765
0.000523706536765792
0.00750030698059805
0.0114897993976359
0.0202061742903864
0.00549406472777688
0.0134966684441085
0.00738151339837966
0.00252769891981928
0.00371011729896413
0.00637261492957487
0.0106419780993393
-0.0144339242905761
0.024668959216465
-0.0216811047338622
-0.0384522023470057
0.0102198671000661
-0.0186014967754018
0.0154197114037479
0.00676166081578144
0.00120426130337622
0.0127086866392351
0.0102210842005848
0.00902081162150827
-0.00731925059246144
-0.00342120283948087
0.0146928006646757
-0.0168444562798074
0.00563295683174558
-0.00835311763847904
-0.00161511337316629
0.00650090562909561
-0.00156489636699977
-0.0107128289083004
-0.00143268213446379
0.0183011429111761
0.0101605084864982
0.00229066413451994
-0.0173879630685882
-0.0110127872240234
-0.0117297230109273
-0.00181561014422992
-0.0320687662702365
-0.00278331746574097
9.73155508603977E-05
0.00399884689741196
0.00186124529159453
0.00941098864882715
-0.0210998824358923
0.00486910155595161
-0.00280672916655768
-0.001375908543655
0.0250968949630451
0.00168748433858649
-0.00218650271549383
0.00840171187875383
0.0155192011451886
0.0340561860604942
0.0167644123259127
-0.0164596685629558
0.0234943288722213
-0.0155265190402656
0.000503572558512157
-0.0154612247450769
0.00890845451783357
-0.0215948343755576
-0.0262547649518562
0.0166191957618366
-0.0240884455266397
-0.0336161785259333
0.020437548431058
0.0103947125465962
-0.00518891297275168
0.00455270593597355
-0.0217346926010833
0.0231090271118042
0.000861243842562952
0.0143414210867148
-0.0323605683375065
-0.00458982390155499
0.0117563223596442
0.00328511463046878
-0.00750374259097737
0.00829403159185932
0.0219859076217378
0.00355556091368927
-0.00656947300082602
-0.00527365023432817
0.00564756216122371
0.0179595397078492
0.0100436731268975
-0.0200372934069934
0.00388645411322968
-0.0105884074063752
-0.00679098779834144
0.00214355840170649
-0.0039106374114306
0.00510511178881837
-0.0102655519793542
-0.00183828653336544
0.00196487940903298
-0.0223071898257176
0.00319382235814144
0.0104297809926304
0.0141057812294224
0.0195470680123822
-0.0264198905562732
-0.00983002114906842
-0.00864140285114431
-0.00580436585414083
0.0113994068394181
0.0255834642415604
-0.00819737568895922
0.00425378669712095
0.00466823728940943
0.0132761499860807
-0.00113111900077847
-0.0264852294492306
-0.0165001947674836
0.0318167153290525
-0.0129041941403293
0.0143282577772758
-0.00464142824331679
0.00708278795060658
0.00229381603878264
-0.0221642898922076
-0.00158843583402836
0.0107456662297533
0.00590980793898718
0.00509841485149424
-0.0036859376758805
-0.000903177595813078
-0.00275395014426084
0.00329953893533447
0.0175232720257506
0.0272146596570491
0.00558901709915503
0.0164716252482069
0.0229699540725932
0.0343640083365009
-0.0134334857935934
-0.0117028342216442
-0.0086199504152069
0.0038834341369698
-0.0205090166674347
0.000476562799639405
-0.000775444028128539
-0.0132926683371826
-0.00155840397486203
-0.00114731433550941
0.00204809259720615
-0.0247936661990815
0.00475401722946535
-0.0183194280970278
0.0023935394159932
0.00253065413712801
-0.00139517889476779
-0.00669093641943386
0.012613895924541
0.00746437598016782
-0.0152862973267008
0.00809490674713595
0.00260344932833579
-0.00880177034189164
0.00278688459690876
-0.00944595128399732
0.00228048506104071
0.00594599946001357
-0.00793884379854203
-0.00392745518533951
-0.0350939350258109
-0.000467303961916673
-0.003091055709964
-0.00852453226027274
-0.0034173981525586
0.0212063261548982
0.0110652566027154
0.0189984631898737
0.0318370812101759
0.000578676194191815
-0.0190605707753539
0.00392534138074909
0.00379215881843898
-0.00411178576988343
-0.00498645067666988
0.0392097617003924
-0.0265132569155108
-0.0271849421104349
-0.00174145594042092
-0.00698108326171283
-0.00654109146673657
-0.00244015648716791
0.00511714568647406
-0.00418485362195602
0.0129851538599646
0.0267234383939595
0.00531325555041553
0.0025518158934806
-0.0084338667625742
-0.00933484164631672
-0.00178771273477632
-0.00764574159570772
0.0238831570278989
-0.0204125527786324
0.00476080339460325
0.00817329748973525
0.00928171738113075
0.0104201297460384
-0.0114624106558944
-0.0102525313460226
-0.0271734774559016
-0.0104107210354582
-0.0232718956836617
-0.0043527605090909
-0.00551271834490376
-0.00885936065522785
-0.00732045385886014
-0.00390405654532475
0.0125175939583819
-0.00135176626582208
-0.020529386510237
0.0106642954564744
-0.0166716511826472
-0.00133452362151112
0.00713985364879802
0.00531252016529885
0.0265437187981591
-0.00784737779748759
0.00795199333125115
-0.00830077494876666
-0.00699784405364971
0.0117302880449391
-0.0110740327673647
0.0152720316716329
0.011054284752851
-0.0394369578953976
-0.0143232470738231
-0.019829140533011
0.0031158924305593
0.00494129817832218
0.0265764542865149
-0.0027021327026029
-0.0061125281725149
-0.000220410326962606
-0.0177898706083291
0.00145061849856081
-0.00829207818165069
0.000573323219302034
0.00269541705975265
-0.0105396564011258
0.00176355480694417
-0.000549649630675532
-0.0142405466818044
-0.00687673049453635
0.00100577477591926
-0.00835620210809303
0.0204207355901006
-0.0215227347368621
0.00863482600281794
0.0143601384995845
-0.000820049374152858
0.0139779558185322
6.175367909601E-05
0.0148342246108744
-0.0127588924578578
0.0344475576073783
0.0043507137158579
0.00417424015815472
0.00909468077475034
0.00689315247661485
0.0136341066590578
0.00790022553530379
0.0190902759907024
0.0186904272722826
-0.0204600680338481
0.00474798180324433
0.0175003345264834
0.0152660060095284
0.00355711289061213
-0.0113758208313649
0.0188665153574932
0.00476792237048083
0.0213871709505762
0.00561183754137038
0.00627132662651046
-0.000801215256099005
0.0100414090847337
-0.00443052159678151
-0.00714293448217438
-0.013053330010937
-0.0111316338670324
-0.0120974423183878
-0.0274356053044465
-0.0165673939621742
-0.0287219184055921
0.0168780585695319
0.0108633337976141
0.00107335208401719
-0.0108174394228193
0.0116850645891183
-0.00188516930275346
-0.00329075468007006
-0.0123953827961945
-0.0204614778088269
-0.0108826837558591
0.00465372230339341
0.0135804115530071
-0.00142914032713056
0.00628138013856321
0.0106277442061003
0.0205712987098398
-0.00403106010793048
0.00419570454612863
-0.0264466122937377
-0.0061373572017697
0.0143985773301826
-0.00573940812394649
-0.0313679400460754
0.00668445431628124
0.0236937410984027
-0.00485577896029992
-0.0258545282335385
-0.0018310051791473
-0.0184316313583574
-0.00958765139978196
0.00107631799017607
-0.00136545391588798
0.0152177332933892
-0.0129102616414907
-0.000347977482142547
-0.0209960539386418
0.00686316499276741
-0.0202247219895089
-0.00843652128747188
0.00819252113716088
-0.0132797174861019
0.000319721688132607
-0.0143047724310038
-0.00776953471546899
-0.01996083309735
-0.026885660123199
-0.00690716978069007
0.0040361432555965
0.0151301297355871
-0.00793219836110756
0.00991493963645742
0.0233363822764178
0.00424590263479487
0.00244427211202753
0.000478012910731208
0.0366288875115059
0.010286524138288
-0.0255959128257216
-0.0113125120849854
0.0214272061248551
-0.00791063596371184
-0.00175250160164307
0.0056246257708999
-0.0190332892883859
0.0157161659039052
0.0218280862836743
0.000280163243154881
0.0169138471524862
-0.0137034845673127
0.0174832971885719
-0.0199777014974402
0.0220663684086657
-0.00187377500619515
-0.0090352567147079
0.0262641994995714
0.00256168113864705
-0.0191370608639643
0.0120945766595429
0.0150350679281602
-0.0129026032512854
0.0117309386746414
0.018185226586055
0.0130440944693234
-0.024176550101447
-0.0177896376407861
0.00276784894245268
0.019092668829977
0.0160695107680265
0.0165021800820923
-0.0128153024331324
0.0234840022247631
0.0226214123172923
0.0106811245758474
-0.0175617837280957
-0.00574605324976999
0.00338613256080084
-0.00754652428751668
0.017910748097064
-0.00878112884134884
-0.0203717683510107
0.0103007096863566
0.0020293753821243
-0.00425513399857006
0.00569607845197432
-0.0173742921670036
0.0201372449604738
0.0296035675065638
-0.0214459037128613
0.0115449394377666
-0.00925318549396504
0.00605824953424264
-0.00201767364051199
-0.00529808370329017
0.014632675187024
0.0176009930653262
-0.0141656243864086
0.00125002754574399
-0.0354798963502646
0.00310711091264947
-0.00288957669751773
0.00777834265421226
-0.0287586344818564
-0.0232392306529948
0.00223075660583569
0.00618972033909519
0.00770299063004157
0.00959440071695046
0.0183642243992689
-0.00127117645955303
-0.0150604944428024
0.0160884971446711
-0.00104454815141113
-0.00382762558721244
0.0159525557736707
-0.00319321028293093
0.0080310786477788
0.0143439574416496
-0.00485409300815204
-0.00597792945781153
0.00140908962837175
0.000489763938753245
-0.0152495080573274
0.0154800794662661
0.0190872773520232
-0.0126017495956907
0.00232665985294294
-0.0264561893384177
0.00370224405127741
-0.0310057877947486
-0.00541915521263663
-0.0022735143910549
0.00729338211351336
0.0208679885258599
-0.00599401139744254
0.0270695216787821
0.0180437006100693
0.00447019071032903
0.00787279079901335
-0.0196295593250152
0.0184068657762251
0.00754207576511207
-0.0135609583537344
0.00446179201045333
0.00590016658195588
-0.00583580802292305
-0.00928400923547555
-0.000732142390886079
0.0022578117625566
-0.0228850585472403
-0.00471226050146025
-0.0141204414825906
0.015186536619327
0.0152319902502031
0.01722219409664
0.0028734194493653
-0.023953224997072
0.0011912564743719
-0.000828219080089909
-0.00347364926512491
-0.00558617820607412
-0.00792391588293349
-0.025633729487886
0.0168208579568945
0.00820629187101842
-0.00664855892129971
0.000510615444387676
0.0303484600221493
0.0124630044889574
-0.0165367268103395
0.000138775868134006
0.0117638990644227
0.00832149555947801
0.00210053257774628
0.0224126163692306
0.0202330771194762
-0.00596666646333144
-0.0191686720683514
0.00864687639785786
-0.0199324926803835
0.0183877660485827
-0.0130708758012436
-0.000221094520939058
-0.020216872999079
-0.0058459702474597
-0.0154946492302835
0.000563330700303409
0.00927255261857652
-0.00764876500936384
0.000401646361041315
0.00815513090283048
0.0243511814621283
-0.011137910587744
-0.00213948666906901
-0.000903977131216401
-0.00163744001554681
-0.0192761113694629
-0.0134649187755331
-0.00137256462137876
0.0240152417528261
-0.0109860617116109
0.00320275916022762
-0.0109377575948114
0.00806150943236762
-0.033476137896899
-0.00332722776687503
0.0161779977409457
-0.0150768483469963
0.000486362513061532
0.0162204170536593
-0.037523346526378
-0.00662213605825188
0.0169470412720432
0.00771635665347048
0.00308735002998428
-0.00579030021827353
0.00394860009743104
0.00773175722480138
0.0294771582913724
-0.00305875480199089
-0.0118061701265264
0.00369001130279422
0.0245874289316195
-0.0198775485592759
-0.0325821339685144
0.0236656772622216
0.0045294361691901
0.0122202598423279
-0.0131811826787397
-0.00723636094351271
-0.0125922362369896
0.00738414765943579
0.0186245533777018
0.000726795981400528
-0.00417471649681047
-0.00106957937381875
-0.0121565919385564
0.00486948567546782
-0.0196780971962276
0.00860635672903201
0.00858050972302281
0.00733572972622817
0.00671276710966694
0.00884891199322616
-0.0205896899530368
0.00751486306499572
0.0129073850640114
0.0147340411581716
-0.000668490061677956
-0.00822739898693509
0.0098603047796968
-0.00162839181832384
-0.0038754149947268
0.0202469759630213
-0.0184203729967741
0.00899186145301976
-0.00426402726617821
-0.0114393343691737
0.0143311600872122
0.000970651128660339
0.0109962355212136
-0.0159203102968531
-0.022354536887111
-0.00106356590569715
0.0186541920982433
0.0186240097921111
0.024403016614143
-0.00707773849387372
0.00530130305233936
-0.00245956714758428
-0.0205652588012327
0.0120693268890851
-0.00271835851151118
0.00262786721079629
-0.0026364598232142
-0.0119507798044829
-0.0142626794254794
-0.021446877899204
0.00349617180307289
-0.00334243262988102
0.0112068245739684
0.00230300067487385
0.0181135895039747
-0.011738496406484
-5.92528190989037E-05
0.00828203633732499
0.0100220621843534
-0.00114815324690004
-0.0275165857332446
-0.015370559837491
-0.00341997640635977
-0.00915232477548586
0.0291593698304078
0.032742061370118
0.00378597695461997
0.00421661189182062
0.00482998415518349
0.0113927852735925
-0.00993866894551404
-0.0327614681501122
-0.00283344062763084
-0.0223831669594379
-0.00432587547371387
-0.0190928862835011
0.0130185529148822
-0.0196521952890753
0.00873498284474684
0.00507177856199689
0.0101929090506665
-0.0206680598188791
-0.00900542011209167
0.0058657297017887
-0.0109135216036387
0.0102173246187135
0.0124759952216431
0.00748733284463033
-0.0156378665297824
0.00451422110224853
-0.0213473552016316
-0.00282156628933528
-0.00584101060639954
-0.0103073153949733
0.00743508812128054
-0.00821983351475069
-0.0160405407763223
-0.0156480039004268
0.00198365429072466
0.0182001464723101
-0.0142008396331067
-0.0192984415607568
-0.020294190731962
0.0245841869469
-0.017725324360729
-0.0289422334831297
0.00160731917700207
0.000423630425104963
0.0153949265669021
0.00513115491880499
0.0220204345297388
-0.0037562955667305
-0.0149436775030143
0.00183964835004034
0.0135640890955138
-0.00174341401038433
-0.00409696609577802
-0.0309882254491895
0.00781195797282861
-0.0170039390923695
-0.00348424844346595
-0.00424282893440267
-0.0222279352307992
-0.0215048473148352
-0.00550581511206616
-0.0131652501839486
0.00528125070824513
-0.0453685722276977
0.00612449303123894
-0.00154357932874234
-0.0229369828625875
0.0123478007469554
0.012456525750609
-0.00383516470224888
0.0114897096908
0.00256827165946818
-0.0146624757770015
0.00976646945347872
-0.013283727689823
-0.00302289601345509
-0.0186637262103497
-0.00965806292510722
0.0278407929127154
0.00295779402999027
-0.0105023347128677
-0.0239272213185327
-0.00472196480435071
0.00148810951543438
-0.0191645695841349
0.020611187398936
0.00993901573599697
-0.01955314881465
-0.0157734305027349
0.0127383561111874
-0.00841348738639278
0.00698715198789297
-0.0134750714613373
0.0128754922496975
-0.0172556124453276
0.0182161441103539
-0.0231917637462149
0.00229128877428687
-0.0167626321235796
0.00276331080777531
0.000603822525050009
-0.00809681971545231
0.00753831592780458
-0.00515657845167761
0.0030569430340359
0.0138531026896002
0.00857814684366124
-0.0199073024362129
-0.00866012895566502
0.00102549240312384
0.00270350432875715
-0.0259870423682924
-0.0137454499626206
0.00769046423008183
0.0190681287832929
0.00149355484950946
-0.00527986568709466
-0.00671522136592847
-0.0119623001353363
0.0072318411108659
-0.026381311025856
0.0175436792667217
0.00553682968634271
0.0110549309281623
0.0183779203942233
-0.00546437235596687
-0.00899724673902258
0.0134433157418292
-0.000390831620815066
-0.000302008559655952
-0.00450545087471709
0.0188399511611152
-0.0140643150188186
0.00463855362613525
-0.0121925233239933
-0.0128900478993396
-0.0164821585427882
-0.0147840417141925
0.0076768626127092
-0.0263215333410649
0.0145331775247451
-0.018537168959072
0.0144195966146616
-0.0254230208708535
-0.00232436399368807
-0.00747976880545169
0.00895867813467539
-0.000575143578698327
-0.0132589013666661
-0.00486427895625347
-0.00173582908445316
-0.00437424339325341
0.0171500936827623
0.0215927221325557
-0.0293419687348085
0.0229616833878962
0.00107544602383617
-0.00786308991554955
0.000397501760909774
0.033555401198719
0.0063168712685897
-0.0232245641286824
0.0133968944749775
0.0013259870661008
0.0243697449434873
-0.00346717642174509
-0.00817113778928823
-0.0151405715477588
-0.0237562365420972
-0.0165257877575594
-0.0230760556729248
0.00291076878253015
0.0421703842871992
0.0138873986889656
0.0160377705156714
0.00968342345313789
-0.0165564009239653
0.0155334709375325
-0.00225394477626187
-0.00667477930244522
-0.0051927624195608
-0.00231012579967165
0.00508044383563058
-0.00107145645930907
-0.00527621686112607
0.00981428888312178
-6.05768293758625E-05
-0.0220872079296275
-0.0179362234613727
0.0194713177748222
0.0100268777957738
-0.0137406570599426
-0.00459704299609524
-0.0104116049705738
0.000355271525602743
-0.00167729902827237
0.002907954450135
-0.0172066014446284
-0.0367787064631575
-0.0239670564830255
-0.0223337936910397
0.00315100830117179
-0.026089070335241
-0.0201721397449097
0.00281215124057206
0.0128908751229593
0.00850292119492064
-0.0118388809973893
-0.0156055883190853
0.0198641459645267
-0.00965741380988911
0.00386989000759458
-0.0126790640900136
0.000828251627559175
-0.00585117419453691
-0.0128784401058827
-0.00126401743776274
0.00774793572501272
0.00230309363077595
0.00315609970590022
0.00265947017992484
0.0164889179029815
-0.00845098527629709
0.039453517275266
0.017011191959184
-0.00418662203364603
-0.00397173647235055
-0.00746821257646289
0.0360061116090531
-0.00251963335181409
0.00169237696678954
-0.00684236301739702
0.0121382486237292
0.0247373864022027
0.00564439223635387
0.000427621383385198
-0.00478258831987125
-0.00886834134965902
-0.020622822952538
0.0113600938708178
-0.000867936759897463
-0.0100224911999695
-0.0153121703048847
0.00439999072690714
0.0117653667977257
0.0164704360838785
0.00604461917838785
-0.00873849583066003
-0.00153783225303016
0.0334537540245703
-0.00660992798137206
0.00945278749875664
0.00355398883160954
-0.016398515835324
-0.012580938220991
0.0012064266474399
-0.0137255580847901
-0.0349865375253327
-0.0197885411775772
0.00479691573231797
-0.00014079739839275
0.00232872349151896
-0.0391231251862139
0.0260902909813168
-0.00345404168557436
0.0115763051505433
-0.0232498954330415
-0.0166079635679087
0.0150093180593581
-0.00369524205320404
-0.0430844534657858
-0.0138945436447884
-0.0037423771524536
0.0149885563215437
0.0022550326140373
0.0178257568653615
0.0185750401963267
0.0123984731965298
-0.00271175278559507
0.0120056534965026
0.00530357983456241
0.000964917771349949
0.00140291155799078
0.00454945203726766
0.0258206808604121
0.00706212624548843
0.00133353167423926
0.008511418451207
-0.0116378031393621
-0.00296423021752176
0.00184360592053867
0.00740913349022683
-0.0192450967409928
0.0203827973806031
0.00985605074218828
0.0311682004984677
-0.00916047841771235
-0.00811602927607316
0.0190809766893266
0.00989180763923937
-0.000102593270378649
0.0165828145696411
-0.0164615652366308
-0.00278727220959153
-0.0090929746097486
-0.00172648166237328
-0.00900069015855462
-0.00077475262905805
-0.0058644711592706
-0.00521180742829422
0.00483946652827338
-0.0103803570286252
0.00404691334306669
-0.00120587255146188
-0.00470719275452545
-0.00836973750805274
-0.00292751232269569
-0.0143679042279195
0.00791698549226856
0.0180284276252461
-0.0109153610386287
-0.00080150002881228
0.0116829512715584
0.02116086385135
-0.00473596417574141
0.00715415758894117
-0.0062813778957505
-0.00638285669470006
-0.013341065130853
-0.000995108015333263
0.00664411707213055
0.00350079639116403
-0.0282788031790409
-0.000327274911656609
0.00616391164318173
-0.0244381728054941
-0.0287166597324584
-0.0161523607905914
-0.0277038142416432
0.00969576679840904
0.016461586960814
-0.000910608097146842
-0.018382930352299
0.00134027915088857
0.0229953537857508
-0.00929184849292364
0.00630492526726822
0.00806887776791794
0.00164934095638853
0.0279100123023673
0.0275433948785948
0.00915430214011526
-0.00489770198178997
-0.015409002914913
-0.00297692903461051
-0.00849864598806407
-0.0170906804425167
-0.00223489537146394
-0.00346636664395779
-0.00219356505034199
0.00153114861630003
0.00282857085835876
0.00510983812379161
0.00085778003542724
0.00543755287608059
-0.0220779649856192
-0.00776146446799529
0.0140835892267571
-0.0123620705580568
0.025937568238374
-0.0301149253874509
0.00550825958210345
0.0083613363189946
0.00267474815691965
-0.00522316376326835
0.0125624253492659
0.000792219240455916
0.0210289309574924
-0.0201879465406027
-0.00483945617526293
-0.0193646327217904
0.0061352207050787
-0.0148630047359825
0.0221509419411992
0.00827293883325632
0.00472306082191729
-0.00105800158391967
-0.00938959077459056
-0.00286932394632451
0.0132057044027377
-0.00522315883812642
-0.019738837584764
-0.00524252300693758
-0.00794493784258472
0.0116336441583905
0.0111782529898533
0.000848092624880103
-0.0124598538748878
-0.0035509296946287
-0.00836140761183739
0.0360763146602619
0.00659407610127794
0.00252763632684324
0.00381091234055547
0.0158198024603337
0.0066155516246967
-0.00836454358469405
-0.000806156125623238
0.0134192040871479
-0.016063449799694
-0.0271534187204597
0.0173063793635434
-0.0135877604940142
0.00430831429057882
0.00639775820821291
-0.000567429095446922
0.00806167332053136
-0.0187387564949034
0.00714533920857265
1.59877326579278E-05
0.00602877317906694
-0.0220912205610241
-0.0118791614449675
-0.00424470686909393
0.00590580180406728
-0.0218707352863759
0.00107922054295865
-0.0243885590112
-0.00755196256937643
0.00600451677626862
0.00766248228587051
0.000762463450721232
-0.0080212646235745
0.00102896992113476
0.0114910658987051
0.000771873301724985
0.00929848096503985
-0.00646954066278279
0.00843872193619231
0.000315788844607136
0.00216742259490204
-0.0235635792356762
0.00355181400584376
-0.006213057254275
0.00634352585282442
-0.00187354268520801
0.0135015582913111
-0.00894996188466849
-0.00488519437045651
0.00538774363054728
0.00129852064539532
0.0200178217847841
-0.00363590504465302
0.0189243655023456
0.0294505743406673
-0.00366041066154784
-0.000403396211601415
0.00388129317933657
-0.0250900600857143
-0.0052880800828254
-0.0106290158920323
0.00976228932057051
0.00929708538025447
0.00958053606420652
0.0102760540669063
-0.0078255387017621
0.00120704252053469
-0.00676617327352382
-0.000891882941674438
0.0225510985250313
-0.00541029789329896
0.00863956030366075
0.00615243385018437
0.00535521758135037
0.00538924434122833
0.0181659184986512
-0.0285898185883895
-0.023963513128921
-0.0106682981519059
-0.000856138012994552
0.00186627548652769
-0.0412794039927469
0.00514358439080657
0.0169449866154154
-0.00178550428315367
0.00666739134029613
0.0178390779423637
-0.0246321860750729
0.0201966392140944
-0.0048603123353105
0.0025325385674962
-0.0090137137184677
0.000590537140268219
-0.016633322134958
0.00794027265010005
-0.00342186840235652
0.0121099099282943
-0.00808713458322487
-0.0235118475657839
0.0136436724174202
-0.00025788119650707
-0.00757947795528389
-0.0204173770585255
-0.00058387497448142
0.00349979990444901
-0.0180729718682448
-0.00331258797777815
0.00610718968602775
0.00743442753196464
0.0166846283351805
-0.00333164400788841
-0.0112926751705528
0.0131504979883855
-0.000921129596851572
0.0049654691619747
0.0268570360376118
0.0144532731592472
0.00429805141940016
-0.0127817244670978
0.0161500107990146
0.0222360543277327
-0.0121917131151298
-0.0179554031550999
0.0118197521240892
0.0227565464243746
0.0251295146312033
-0.0186486948891999
-0.00284460732425384
0.0141112345135628
0.000710305781296348
-0.00385407537328114
-0.0069806471845299
-0.00601505057239067
-0.000360341639683308
0.00376858002925113
0.0162876417156626
-0.0041171908483202
-0.0143658636051761
-0.0215350540698082
-0.0163694659577761
0.0129366232449161
-0.00349908032974295
-0.000233974599976637
0.008189021208881
-0.0298868480123184
0.00449772598637642
0.00988745750991076
-0.0119109871468377
0.0137982010200128
-0.00663350604634415
0.00411393321318091
-0.00149478989300968
-0.015569601969195
-0.010187320812972
-0.00477033866238046
0.0188339982763738
-0.0114711690827846
-0.00147696748226216
-0.0107828105295182
-0.00123133528667836
-0.00729681520439141
0.00557665587803273
0.00821855310373366
-0.00695735277994034
0.0344286005332892
-0.0171603996370786
0.0162410138934823
-0.00104000171033043
-0.0169417023746836
0.0100523201524308
0.00905558421727117
0.0195453943975697
0.000125664213867919
-0.00564094869355726
